0.010641 30.217917 5.047822
0.011250 35.859402 3.747951
0.011858 40.990691 5.564753
0.012466 35.114512 2.801751
0.013074 34.689101 2.871451
0.013682 40.866684 2.054039
0.014290 35.517156 2.201899
0.014898 41.774873 1.564555
0.015506 34.339371 1.884512
0.016114 37.362539 1.787805
0.016722 37.933151 1.639723
0.017330 35.213091 1.685138
0.017938 36.210117 1.425581
0.018546 35.986919 0.953391
0.019155 36.657276 1.245982
0.019763 36.604363 1.066733
0.020371 36.510371 1.156039
0.020979 36.701872 1.206041
0.021587 35.153371 0.907032
0.022195 34.070487 0.930745
0.022803 33.965160 0.688560
0.023411 34.246454 0.883512
0.024019 34.038537 0.816955
0.024627 33.456414 0.677927
0.025235 33.286091 0.763656
0.025843 33.515619 0.708115
0.026452 33.226744 0.726626
0.027060 33.926223 0.606778
0.027668 32.432403 0.614152
0.028276 32.791451 0.579256
0.028884 32.415029 0.667630
0.029492 32.381033 0.625342
0.030100 31.904568 0.557392
0.030708 31.344066 0.559661
0.031316 31.579995 0.627979
0.031924 30.969157 0.479005
0.032532 29.462282 0.607170
0.033140 28.711403 0.550001
0.033748 29.508347 0.597845
0.034357 29.596846 0.518657
0.034965 28.982282 0.600455
0.035573 28.124527 0.474424
0.036181 28.150889 0.520617
0.036789 27.859251 0.418460
0.037397 28.067198 0.554120
0.038005 27.401395 0.519994
0.038613 27.476839 0.437005
0.039221 26.191825 0.474267
0.039829 27.395319 0.480041
0.040437 25.822009 0.482278
0.041045 26.232757 0.469400
0.041654 25.200324 0.474988
0.042262 25.565587 0.471041
0.042870 24.695714 0.468740
0.043478 24.539426 0.488376
0.044086 24.386916 0.468060
0.044694 24.841626 0.428654
0.045302 23.995265 0.459997
0.045910 23.725525 0.405091
0.046518 22.734407 0.376032
0.047126 23.270614 0.408079
0.047734 23.355404 0.411523
0.048342 22.817348 0.477854
0.048950 22.332702 0.387855
0.049559 22.677817 0.448292
0.050167 21.481490 0.380863
0.050775 21.902657 0.389193
0.051383 20.992111 0.409229
0.051991 20.940866 0.399621
0.052599 20.468910 0.362466
0.053207 20.509422 0.384554
0.053815 20.013329 0.367993
0.054423 20.044977 0.407549
0.055031 19.394711 0.343439
0.055639 20.478900 0.403261
0.056247 19.106041 0.384964
0.056855 19.416189 0.361093
0.057463 18.603811 0.356219
0.058072 18.053743 0.371795
0.058680 17.879831 0.389276
0.059288 17.558384 0.327872
0.059896 17.376404 0.356027
0.060504 17.439752 0.320527
0.061112 17.354460 0.330274
0.061720 16.167107 0.338721
0.062328 16.040015 0.327977
0.062936 15.964125 0.349316
0.063544 16.264634 0.309403
0.064152 15.311361 0.290346
0.064760 15.760587 0.357542
0.065368 15.659952 0.335033
0.065977 15.248777 0.366154
0.066585 15.122299 0.322024
0.067193 15.202113 0.351842
0.067801 14.902277 0.368881
0.068409 14.623358 0.336049
0.069017 14.247110 0.343961
0.069625 13.951471 0.342086
0.070233 13.739476 0.285560
0.070841 13.124957 0.288646
0.071449 13.373078 0.282302
0.072057 12.678643 0.273774
0.072665 12.852662 0.300541
0.073273 12.909408 0.270553
0.073881 12.488655 0.278724
0.074490 12.055048 0.270724
0.075098 11.844924 0.334553
0.075706 11.922098 0.285168
0.076314 11.951581 0.284282
0.076922 11.585641 0.268320
0.077530 11.488429 0.285095
0.078138 10.853351 0.774876
0.078746 11.201000 0.909560
0.079354 10.833162 0.369543
0.079962 10.618560 0.452523
0.080570 10.459060 0.266822
0.081178 9.562326 0.275776
0.081786 10.298936 0.299398
0.082394 9.869240 0.265221
0.083002 9.881195 0.279353
0.083611 9.925799 0.260103
0.084219 9.525181 0.242857
0.084827 9.749426 0.273301
0.085435 9.157799 0.257523
0.086043 9.465925 0.243156
0.086651 8.697670 0.242913
0.087259 8.971010 0.262639
0.087867 8.897441 0.258543
0.088475 8.448249 0.266590
0.089083 7.905710 0.255503
0.089691 8.483222 0.265861
0.090299 7.878935 0.268151
0.090907 8.131806 0.260233
0.091515 8.046896 0.270041
0.092123 8.030954 0.246617
0.092732 8.133142 0.262900
0.093340 7.568290 0.243018
0.093948 7.629288 0.245070
0.094556 7.280222 0.250036
0.095164 7.328059 0.254614
0.095772 6.873550 0.233087
0.096380 6.395911 0.242818
0.096988 6.504653 0.233527
0.097596 6.336390 0.264527
0.098204 6.483006 0.243570
0.098812 6.341580 0.240715
0.099420 6.471004 0.266552
0.100028 5.900369 0.238340
0.100636 5.537693 0.238798
0.101244 5.962961 0.235257
0.101852 5.891037 0.243562
0.102461 6.174747 0.228044
0.103069 6.006969 0.223949
0.103677 5.470920 0.236979
0.104285 5.843794 0.218607
0.104893 5.654972 0.221678
0.105501 5.441307 0.206536
0.106109 5.475453 0.218498
0.106717 5.078507 0.238424
0.107325 4.899898 0.196384
0.107933 4.761305 0.217392
0.108541 4.494308 0.237051
0.109149 5.003287 0.215197
0.109757 4.549259 0.233409
0.110365 4.687501 0.228111
0.110973 4.015735 0.214319
0.111581 4.443431 0.217427
0.112189 4.306802 0.217664
0.112798 4.414618 0.197118
0.113406 4.339398 0.224248
0.114014 4.478140 0.202967
0.114622 4.323130 0.230502
0.115230 3.854656 0.216323
0.115838 3.956425 0.208419
0.116446 3.536880 0.212930
0.117054 3.600622 0.272330
0.117662 3.275303 0.273182
0.118270 3.777701 0.222736
0.118878 3.684903 0.222007
0.119486 3.600006 0.218860
0.120094 3.815865 0.218743
0.120702 3.659318 0.214454
0.121310 3.600413 0.223238
0.121918 3.907332 0.196213
0.122526 3.472671 0.197005
0.123134 3.480980 0.210476
0.123742 3.015259 0.201994
0.124351 2.991920 0.211611
0.124959 3.191260 0.210370
0.125567 2.912060 0.204873
0.126175 3.168760 0.204228
0.126783 3.041490 0.205008
0.127391 2.963511 0.188071
0.127999 3.128547 0.202593
0.128607 2.835128 0.216225
0.129215 3.006188 0.211035
0.129823 2.673253 0.267856
0.130431 2.647873 0.342377
0.131039 2.351482 0.395455
0.131647 2.483467 0.575816
0.132255 2.489865 0.193532
0.132863 1.987725 0.210904
0.133471 2.203969 0.195017
0.134079 2.162676 0.210972
0.134687 2.211386 0.205113
0.135295 2.330239 0.194198
0.135903 2.222190 0.213092
0.136511 2.246813 0.329990
0.137119 1.888190 0.198495
0.137728 2.140493 0.537412
0.138336 1.971742 0.604016
0.138944 2.024349 0.287436
0.139552 1.766473 0.670014
0.140160 1.928121 0.711291
0.140768 1.995802 0.490134
0.141376 2.371035 0.978248
0.141984 2.136574 0.480395
0.142592 2.196849 0.399773
0.143200 1.972472 0.731048
0.143808 2.138504 0.281824
0.144416 1.923745 0.338975
0.145024 2.036632 0.595023
0.145632 1.942669 0.288010
0.146240 2.134121 0.645424
0.146848 1.603234 0.273853
0.147456 2.002417 0.661363
0.148064 1.917601 0.187655
0.148672 1.830088 0.224582
0.149280 1.609287 0.184528
0.149888 1.663107 0.182348
0.150496 1.530917 0.200982
0.151104 1.432142 0.194565
0.151712 1.201896 0.180838
0.152320 2.008715 0.186727
0.152928 1.632477 0.176946
0.153537 1.415997 0.176149
0.154145 1.779930 0.171992
0.154753 1.816306 0.178374
0.155361 1.617736 0.168078
0.155969 1.805480 0.177612
0.156577 1.493147 0.171955
0.157185 1.483822 0.180648
0.157793 1.472213 0.175359
0.158401 1.284811 0.182687
0.159009 1.188531 0.182118
0.159617 1.054331 0.169401
0.160225 1.300647 0.177990
0.160833 1.028006 0.175504
0.161441 1.252823 0.182255
0.162049 1.484860 0.163826
0.162657 1.158891 0.168279
0.163265 1.445111 0.172386
0.163873 1.405739 0.156942
0.164481 1.111451 0.178412
0.165089 1.202573 0.164581
0.165697 1.108221 0.176252
0.166305 1.243821 0.162282
0.166913 1.315212 0.164727
0.167521 0.987962 0.167979
0.168129 1.325106 0.178037
0.168737 0.737220 0.164677
0.169345 1.125766 0.166614
0.169953 0.751599 0.172666
0.170561 1.064475 0.166028
0.171169 0.618779 0.165441
0.171777 0.607011 0.168048
0.172385 0.677626 0.178034
0.172993 1.094391 0.163308
0.173601 0.654460 0.157477
0.174209 1.158073 0.165416
0.174817 0.702706 0.165425
0.175425 0.826251 0.163669
0.176033 1.224281 0.161859
0.176641 0.871962 0.173912
0.177250 0.935504 0.177486
0.177858 1.036444 0.168672
0.178466 0.720611 0.171078
0.179074 0.598820 0.173458
0.179682 0.827111 0.175413
0.180290 0.832032 0.167361
0.180898 0.793765 0.166746
0.181506 0.685821 0.160015
0.182114 0.805676 0.154489
0.182722 0.154734 0.171543
0.183330 0.466621 0.162581
0.183938 0.539669 0.177015
0.184546 0.534513 0.158417
0.185154 0.804490 0.163071
0.185762 0.498083 0.163077
0.186370 0.420354 0.156820
0.186978 0.636784 0.163450
0.187586 0.643111 0.164955
0.188194 0.698461 0.153257
0.188802 0.708635 0.159587
0.189410 0.717203 0.149199
0.190018 0.388305 0.164591
0.190626 1.088641 0.161158
0.191234 0.786212 0.165395
0.191842 0.933529 0.156791
0.192450 1.005425 0.156585
0.193058 0.869154 0.148564
0.193666 0.589411 0.150894
0.194274 0.656717 0.163628
0.194882 0.745024 0.158363
0.195490 0.659977 0.161585
0.196098 0.910138 0.150815
0.196706 0.649551 0.158910
0.197314 0.577522 0.150045
0.197922 0.358194 0.156000
0.198530 0.457394 0.154646
0.199138 0.257850 0.163185
0.199746 0.398199 0.151961
0.200354 0.644996 0.144185
0.200962 0.677317 0.146921
0.201570 0.740602 0.148569
0.202178 0.779144 0.158837
0.202786 0.831860 0.153445
0.203394 0.792274 0.149155
0.204002 0.754563 0.150238
0.204610 1.043808 0.154222
0.205218 0.622613 0.154968
0.205826 0.639406 0.141949
0.206434 0.683013 0.151360
0.207042 0.490011 0.154960
0.207650 0.762663 0.152151
0.208258 0.472235 0.152661
0.208866 0.348018 0.147120
0.209474 0.882342 0.141297
0.210082 0.442622 0.144451
0.210690 0.650669 0.146136
0.211298 0.675886 0.152080
0.211906 0.580345 0.150028
0.212514 0.583911 0.146543
0.213122 0.460005 0.151716
0.213730 0.404619 0.157639
0.214338 0.380354 0.143777
0.214946 0.490809 0.148171
0.215554 0.778257 0.140616
0.216162 0.547106 0.153149
0.216770 0.838374 0.156998
0.217378 0.661073 0.143935
0.217986 0.398832 0.164677
0.218594 0.567479 0.144221
0.219202 0.785006 0.146783
0.219810 0.501948 0.139112
0.220418 0.710391 0.141858
0.221025 0.775947 0.145556
0.221633 0.585640 0.142706
0.222241 0.660254 0.146461
0.222849 0.540700 0.145926
0.223457 0.648577 0.149032
0.224065 0.838623 0.162494
0.224673 0.720066 0.148942
0.225281 0.727139 0.189916
0.225889 0.833318 0.153358
0.226497 0.577393 0.147989
0.227105 0.743600 0.140417
0.227713 0.866368 0.152079
0.228321 0.732989 0.144853
0.228929 0.632758 0.142552
0.229537 0.541225 0.136506
0.230145 0.501301 0.138003
0.230753 0.770455 0.131599
0.231361 0.562057 0.137073
0.231969 0.471312 0.135268
0.232577 0.889033 0.133307
0.233185 0.461406 0.138870
0.233793 0.542643 0.127464
0.234401 0.552074 0.136962
0.235009 0.362646 0.129559
0.235617 0.524700 0.136395
0.236225 0.307759 0.134374
0.236833 0.223042 0.136774
0.237441 0.626089 0.137770
0.238049 0.411354 0.138664
0.238657 0.563295 0.148311
0.239265 0.427166 0.139362
0.239873 0.762282 0.134609
0.240481 0.932696 0.132142
0.241089 0.574269 0.143829
0.241697 0.690071 0.140140
0.242304 0.366474 0.135221
0.242912 0.612931 0.135339
0.243520 0.341643 0.147387
0.244128 0.566548 0.138912
0.244736 0.253710 0.133572
0.245344 0.551845 0.135109
0.245952 0.562692 0.131313
0.246560 0.266563 0.136931
0.247168 0.560557 0.133906
0.247776 0.491064 0.131185
0.248384 0.382037 0.133051
0.248992 0.533818 0.137637
0.249600 0.251714 0.129458
0.250208 0.314834 0.142853
0.250816 0.503212 0.129661
0.251424 0.713072 0.135541
0.252032 0.762868 0.131170
0.252640 0.616547 0.132864
0.253248 0.515158 0.131963
0.253856 0.420412 0.128041
0.254464 0.529904 0.134025
0.255072 0.559992 0.132681
0.255679 0.359127 0.131849
0.256287 0.304225 0.129097
0.256895 0.317976 0.132014
0.257503 0.594734 0.129021
0.258111 0.393363 0.127775
0.258719 0.613151 0.127137
0.259327 0.694503 0.124015
0.259935 0.722051 0.129334
0.260543 0.503193 0.121831
0.261151 0.556933 0.124215
0.261759 0.535960 0.132339
0.262367 0.406471 0.127426
0.262975 0.644818 0.136193
0.263583 0.430038 0.124748
0.264191 0.526266 0.131402
0.264799 0.708378 0.135078
0.265407 0.572388 0.128761
0.266014 0.474592 0.122111
0.266622 0.593547 0.130726
0.267230 0.527723 0.128985
0.267838 0.555815 0.125214
0.268446 0.389754 0.130572
0.269054 0.352647 0.124383
0.269662 0.408041 0.121497
0.270270 0.339113 0.129125
0.270878 0.510372 0.124809
0.271486 0.382757 0.120968
0.272094 0.604165 0.131014
0.272702 0.541787 0.126652
0.273310 0.466478 0.125608
0.273918 0.570890 0.125959
0.274526 0.487217 0.122307
0.275133 0.519641 0.136255
0.275741 0.791099 0.122434
0.276349 0.648891 0.124247
0.276957 0.734046 0.122475
0.277565 0.589093 0.126512
0.278173 0.702627 0.123200
0.278781 0.585619 0.118971
0.279389 0.638252 0.120677
0.279997 0.532444 0.121867
0.280605 0.499744 0.113687
0.281213 0.526666 0.127784
0.281821 0.545923 0.123192
0.282429 0.717488 0.123320
0.283036 0.468459 0.132746
0.283644 0.639967 0.115750
0.284252 0.615533 0.120792
0.284860 0.462513 0.117932
0.285468 0.437315 0.119224
0.286076 0.750931 0.118094
0.286684 0.474569 0.121720
0.287292 0.458167 0.112937
0.287900 0.167073 0.113560
0.288508 0.280325 0.116582
0.289116 0.273864 0.118056
0.289723 0.386458 0.116084
0.290331 0.279963 0.117897
0.290939 0.620833 0.112283
0.291547 0.645891 0.114588
0.292155 0.350149 0.109829
0.292763 0.395915 0.111290
0.293371 0.357061 0.118827
0.293979 0.537535 0.113218
0.294587 0.435773 0.115169
0.295195 0.501102 0.112090
0.295803 0.493034 0.117738
0.296410 0.487925 0.110112
0.297018 0.464500 0.116146
0.297626 0.422316 0.115798
0.298234 0.484692 0.113130
0.298842 0.576595 0.109682
0.299450 0.743775 0.113073
0.300058 0.257106 0.104119
0.300666 0.671774 0.114344
0.301274 0.600376 0.113034
0.301881 0.400429 0.106770
0.302489 0.536889 0.111683
0.303097 0.238450 0.114270
0.303705 0.450825 0.107106
0.304313 0.482260 0.109755
0.304921 0.499307 0.110495
0.305529 0.528612 0.103107
0.306137 0.452350 0.124173
0.306745 0.448919 0.100268
0.307353 0.260177 0.110718
0.307960 0.433746 0.109580
0.308568 0.260282 0.114293
0.309176 0.364073 0.103135
0.309784 0.474740 0.115556
0.310392 0.378145 0.107793
0.311000 0.412086 0.113162
0.311608 0.407276 0.109571
0.312216 0.405389 0.104682
0.312823 0.395020 0.100215
0.313431 0.597084 0.103594
0.314039 0.305465 0.105404
0.314647 0.419912 0.099781
0.315255 0.371412 0.108560
0.315863 0.476679 0.117683
0.316471 0.350972 0.125731
0.317079 0.309677 0.127542
0.317686 0.418549 0.131774
0.318294 0.486018 0.139921
0.318902 0.490875 0.158156
0.319510 0.383187 0.144108
0.320118 0.619510 0.555736
0.320726 0.638777 0.174080
0.321942 0.765581 0.269764
0.322549 0.143416 0.745588
