0.010641 19.807987 1.502697
0.011250 20.675199 1.395431
0.011858 23.504726 1.625384
0.012466 23.294183 0.634541
0.013074 21.955962 0.999671
0.013682 21.887844 0.445601
0.014290 21.424617 0.722541
0.014898 21.180029 0.455705
0.015506 21.888338 0.514827
0.016114 21.319919 0.428883
0.016722 20.621515 0.319299
0.017330 20.913771 0.459935
0.017938 20.796609 0.390157
0.018546 20.768905 0.344845
0.019155 20.559385 0.220187
0.019763 21.156740 0.295195
0.020371 20.365018 0.256877
0.020979 20.308814 0.244144
0.021587 20.153129 0.267885
0.022195 20.191853 0.255596
0.022803 19.918609 0.192034
0.023411 19.708517 0.239385
0.024019 19.667343 0.192487
0.024627 19.853338 0.279119
0.025235 19.452417 0.247483
0.025843 19.153096 0.199139
0.026452 19.038099 0.180708
0.027060 18.893191 0.152401
0.027668 18.889969 0.162383
0.028276 18.665354 0.151475
0.028884 18.411713 0.191279
0.029492 18.405309 0.141499
0.030100 18.290650 0.195062
0.030708 17.857619 0.157813
0.031316 18.140509 0.155824
0.031924 17.594381 0.154380
0.032532 17.744785 0.162372
0.033140 17.487933 0.130847
0.033748 17.313679 0.163956
0.034357 17.111584 0.126465
0.034965 17.130120 0.141751
0.035573 16.677881 0.162898
0.036181 16.972892 0.171081
0.036789 16.322067 0.132045
0.037397 16.573381 0.159792
0.038005 16.424547 0.164739
0.038613 16.101980 0.125314
0.039221 16.143500 0.139342
0.039829 15.896307 0.123353
0.040437 15.650395 0.131665
0.041045 15.595633 0.144389
0.041654 15.265383 0.139097
0.042262 15.126589 0.124949
0.042870 14.850260 0.139066
0.043478 14.880769 0.112361
0.044086 14.699972 0.127642
0.044694 14.678390 0.129509
0.045302 14.492412 0.119934
0.045910 14.504458 0.115359
0.046518 14.353325 0.132053
0.047126 14.243356 0.121606
0.047734 13.953720 0.112451
0.048342 13.889893 0.122085
0.048950 13.563481 0.114588
0.049559 13.521964 0.116764
0.050167 13.295702 0.107346
0.050775 13.156704 0.116819
0.051383 12.935314 0.111542
0.051991 12.794969 0.112619
0.052599 12.550842 0.103831
0.053207 12.564434 0.118760
0.053815 12.264660 0.098362
0.054423 12.175587 0.102021
0.055031 11.920006 0.091450
0.055639 11.754101 0.088259
0.056247 11.643488 0.104559
0.056855 11.598662 0.113980
0.057463 11.477945 0.094324
0.058072 11.286363 0.100888
0.058680 11.208277 0.097630
0.059288 11.027448 0.098246
0.059896 10.817973 0.106407
0.060504 10.759889 0.107788
0.061112 10.647676 0.099628
0.061720 10.427979 0.111370
0.062328 10.518179 0.105786
0.062936 10.109985 0.097326
0.063544 10.111805 0.089578
0.064152 10.056584 0.102189
0.064760 9.930899 0.093881
0.065368 9.833168 0.094119
0.065977 9.692138 0.099950
0.066585 9.321054 0.094222
0.067193 9.208827 0.085097
0.067801 9.255761 0.092224
0.068409 9.067785 0.095850
0.069017 8.927157 0.096270
0.069625 8.878224 0.093238
0.070233 8.679947 0.093686
0.070841 8.553283 0.082308
0.071449 8.363503 0.090862
0.072057 8.229889 0.097709
0.072665 8.155042 0.084489
0.073273 8.153794 0.084635
0.073881 7.967623 0.084814
0.074490 7.750063 0.088149
0.075098 7.640958 0.088749
0.075706 7.546630 0.082980
0.076314 7.502215 0.073501
0.076922 7.324791 0.078048
0.077530 7.304050 0.077823
0.078138 6.933972 0.085916
0.078746 6.900183 0.084163
0.079354 6.793167 0.080023
0.079962 6.729341 0.085769
0.080570 6.704844 0.070619
0.081178 6.445975 0.083321
0.081786 6.423191 0.077167
0.082394 6.336281 0.083011
0.083002 6.164164 0.080925
0.083611 6.058123 0.075688
0.084219 6.072183 0.071418
0.084827 6.012257 0.074296
0.085435 6.033061 0.077585
0.086043 5.702577 0.073420
0.086651 5.710841 0.077770
0.087259 5.497740 0.077104
0.087867 5.305867 0.071174
0.088475 5.364367 0.066633
0.089083 5.118856 0.066520
0.089691 5.130887 0.069316
0.090299 4.961235 0.069981
0.090907 5.069749 0.071755
0.091515 4.905933 0.069213
0.092123 4.803986 0.069922
0.092732 4.819598 0.073702
0.093340 4.692876 0.071263
0.093948 4.525165 0.072093
0.094556 4.462560 0.078006
0.095164 4.449807 0.072107
0.095772 4.325261 0.068308
0.096380 4.241873 0.070252
0.096988 4.285228 0.059484
0.097596 4.131350 0.070768
0.098204 4.104850 0.064992
0.098812 3.942436 0.063566
0.099420 3.895157 0.065420
0.100028 3.786359 0.064885
0.100636 3.768518 0.064940
0.101244 3.682433 0.068712
0.101852 3.580003 0.063316
0.102461 3.626832 0.066086
0.103069 3.567517 0.070631
0.103677 3.433056 0.056891
0.104285 3.393359 0.056821
0.104893 3.430195 0.060291
0.105501 3.181387 0.063356
0.106109 3.298559 0.060124
0.106717 3.188895 0.065152
0.107325 3.160874 0.063153
0.107933 3.010768 0.054412
0.108541 2.929770 0.059165
0.109149 2.906256 0.057968
0.109757 2.896183 0.055437
0.110365 2.855388 0.059764
0.110973 2.777055 0.055090
0.111581 2.685586 0.056885
0.112189 2.727749 0.054321
0.112798 2.684333 0.052265
0.113406 2.658810 0.060530
0.114014 2.554765 0.055566
0.114622 2.429926 0.056873
0.115230 2.394769 0.058956
0.115838 2.425394 0.054404
0.116446 2.320445 0.059697
0.117054 2.418195 0.053905
0.117662 2.225041 0.052122
0.118270 2.351981 0.055098
0.118878 2.246319 0.057689
0.119486 2.094563 0.052435
0.120094 2.076582 0.057117
0.120702 2.057483 0.049990
0.121310 2.006554 0.056239
0.121918 2.078284 0.066902
0.122526 2.036051 0.055885
0.123134 1.908734 0.070158
0.123742 1.878830 0.064612
0.124351 1.804231 0.056557
0.124959 1.744964 0.071009
0.125567 1.749133 0.050157
0.126175 1.723749 0.048238
0.126783 1.713389 0.052852
0.127391 1.662068 0.053333
0.127999 1.645762 0.056676
0.128607 1.625705 0.051116
0.129215 1.574000 0.053047
0.129823 1.495745 0.050167
0.130431 1.481884 0.049737
0.131039 1.425755 0.052546
0.131647 1.466008 0.050653
0.132255 1.416416 0.050278
0.132863 1.331066 0.048663
0.133471 1.278280 0.052286
0.134079 1.336580 0.052195
0.134687 1.242787 0.059672
0.135295 1.430723 0.048667
0.135903 1.200867 0.051298
0.136511 1.178817 0.047936
0.137119 1.152008 0.050851
0.137728 1.133715 0.051646
0.138336 1.161149 0.048335
0.138944 1.091314 0.047816
0.139552 1.115350 0.051433
0.140160 1.099590 0.052415
0.140768 1.163834 0.054604
0.141376 1.084783 0.053107
0.141984 1.106730 0.050129
0.142592 1.039242 0.051240
0.143200 1.056748 0.055301
0.143808 0.998514 0.053885
0.144416 1.031024 0.051744
0.145024 1.032058 0.048133
0.145632 0.953019 0.050879
0.146240 1.004179 0.049061
0.146848 1.062116 0.048339
0.147456 0.956929 0.049239
0.148064 0.959579 0.048155
0.148672 0.822862 0.047694
0.149280 0.864603 0.048528
0.149888 0.907742 0.045590
0.150496 0.847747 0.042415
0.151104 0.909569 0.050183
0.151712 0.878592 0.047215
0.152320 0.821488 0.050232
0.152928 0.861612 0.049656
0.153537 0.754308 0.049367
0.154145 0.859440 0.043500
0.154753 0.761185 0.042850
0.155361 0.762972 0.046004
0.155969 0.740023 0.045208
0.156577 0.709879 0.049866
0.157185 0.660403 0.045544
0.157793 0.675433 0.046010
0.158401 0.625447 0.046318
0.159009 0.679020 0.046207
0.159617 0.700615 0.045747
0.160225 0.649564 0.045596
0.160833 0.724130 0.042190
0.161441 0.688098 0.046549
0.162049 0.702465 0.045048
0.162657 0.701081 0.045353
0.163265 0.640373 0.045108
0.163873 0.513702 0.046186
0.164481 0.609930 0.047869
0.165089 0.581359 0.047269
0.165697 0.608382 0.045860
0.166305 0.548854 0.041435
0.166913 0.559601 0.044692
0.167521 0.525441 0.041545
0.168129 0.607827 0.049752
0.168737 0.472270 0.044718
0.169345 0.528052 0.047564
0.169953 0.453823 0.044628
0.170561 0.518458 0.045217
0.171169 0.451110 0.045699
0.171777 0.480413 0.042560
0.172385 0.443255 0.043116
0.172993 0.448978 0.042909
0.173601 0.376242 0.043519
0.174209 0.434023 0.039415
0.174817 0.462711 0.045050
0.175425 0.382666 0.043110
0.176033 0.463623 0.044226
0.176641 0.450961 0.042747
0.177250 0.444461 0.046005
0.177858 0.417987 0.043548
0.178466 0.318135 0.045552
0.179074 0.369435 0.045552
0.179682 0.429338 0.043253
0.180290 0.461738 0.041630
0.180898 0.470646 0.043587
0.181506 0.516396 0.041989
0.182114 0.437703 0.042924
0.182722 0.439162 0.043873
0.183330 0.421503 0.042207
0.183938 0.542133 0.042921
0.184546 0.389547 0.040846
0.185154 0.370632 0.042791
0.185762 0.406160 0.043385
0.186370 0.387525 0.041448
0.186978 0.365791 0.044692
0.187586 0.384481 0.044039
0.188194 0.414858 0.042401
0.188802 0.363810 0.042425
0.189410 0.386541 0.041963
0.190018 0.293666 0.041947
0.190626 0.358179 0.044926
0.191234 0.323344 0.042297
0.191842 0.357200 0.043546
0.192450 0.321807 0.041430
0.193058 0.310945 0.044982
0.193666 0.410205 0.041313
0.194274 0.270452 0.045221
0.194882 0.352657 0.040479
0.195490 0.304436 0.042880
0.196098 0.279677 0.038390
0.196706 0.301424 0.042752
0.197314 0.273678 0.040744
0.197922 0.338072 0.043381
0.198530 0.236245 0.039115
0.199138 0.209343 0.042221
0.199746 0.240543 0.040978
0.200354 0.283782 0.038780
0.200962 0.259220 0.039559
0.201570 0.314290 0.039792
0.202178 0.297633 0.041344
0.202786 0.235419 0.038886
0.203394 0.259761 0.039520
0.204002 0.317164 0.038979
0.204610 0.297300 0.041572
0.205218 0.308527 0.041305
0.205826 0.306997 0.038322
0.206434 0.262722 0.040576
0.207042 0.232983 0.040452
0.207650 0.297103 0.040381
0.208258 0.243952 0.037642
0.208866 0.348173 0.037425
0.209474 0.311843 0.037131
0.210082 0.342821 0.038893
0.210690 0.320175 0.038798
0.211298 0.296958 0.038394
0.211906 0.333839 0.038380
0.212514 0.194207 0.038084
0.213122 0.237975 0.037720
0.213730 0.214990 0.038733
0.214338 0.227772 0.039234
0.214946 0.299706 0.040774
0.215554 0.303426 0.038693
0.216162 0.263461 0.039550
0.216770 0.345497 0.039866
0.217378 0.302561 0.039574
0.217986 0.305117 0.039071
0.218594 0.264801 0.037156
0.219202 0.212188 0.039230
0.219810 0.303900 0.039092
0.220418 0.202178 0.037969
0.221025 0.322578 0.038503
0.221633 0.305077 0.039162
0.222241 0.269894 0.039326
0.222849 0.335924 0.038988
0.223457 0.256203 0.039099
0.224065 0.254785 0.038724
0.224673 0.387692 0.037872
0.225281 0.278872 0.037898
0.225889 0.295201 0.037907
0.226497 0.280771 0.037389
0.227105 0.219787 0.036070
0.227713 0.242253 0.038557
0.228321 0.219957 0.036191
0.228929 0.227026 0.037188
0.229537 0.261447 0.038174
0.230145 0.251125 0.036554
0.230753 0.272694 0.037861
0.231361 0.250813 0.036193
0.231969 0.257996 0.038641
0.232577 0.242106 0.036481
0.233185 0.235380 0.038845
0.233793 0.201414 0.036815
0.234401 0.290883 0.040671
0.235009 0.245262 0.036542
0.235617 0.256461 0.037742
0.236225 0.219298 0.034993
0.236833 0.263255 0.039150
0.237441 0.152017 0.035830
0.238049 0.230589 0.036469
0.238657 0.246347 0.036239
0.239265 0.249042 0.035907
0.239873 0.353896 0.037936
0.240481 0.262188 0.034900
0.241089 0.313253 0.037580
0.241697 0.320419 0.037449
0.242304 0.340655 0.038275
0.242912 0.327569 0.034121
0.243520 0.260359 0.037845
0.244128 0.284111 0.034531
0.244736 0.276221 0.034562
0.245344 0.234469 0.035713
0.245952 0.271911 0.036463
0.246560 0.242914 0.034579
0.247168 0.290699 0.036348
0.247776 0.276860 0.033468
0.248384 0.252389 0.034526
0.248992 0.185569 0.035633
0.249600 0.258834 0.035418
0.250208 0.149493 0.035963
0.250816 0.256854 0.036289
0.251424 0.216284 0.035225
0.252032 0.200478 0.035215
0.252640 0.226187 0.034783
0.253248 0.199906 0.034131
0.253856 0.208946 0.036775
0.254464 0.264087 0.034403
0.255072 0.228846 0.034684
0.255679 0.235461 0.034191
0.256287 0.250227 0.037016
0.256895 0.307128 0.036309
0.257503 0.250883 0.034355
0.258111 0.370447 0.035151
0.258719 0.266491 0.035559
0.259327 0.245857 0.035603
0.259935 0.257429 0.035735
0.260543 0.282031 0.034835
0.261151 0.233814 0.033774
0.261759 0.254769 0.036581
0.262367 0.235148 0.034429
0.262975 0.252481 0.034243
0.263583 0.235021 0.036879
0.264191 0.239555 0.037308
0.264799 0.290623 0.035927
0.265407 0.282638 0.035109
0.266014 0.214930 0.033547
0.266622 0.246574 0.032980
0.267230 0.234097 0.032664
0.267838 0.248200 0.034206
0.268446 0.248091 0.035808
0.269054 0.248173 0.034690
0.269662 0.264176 0.033509
0.270270 0.216398 0.033010
0.270878 0.162711 0.033764
0.271486 0.161286 0.032741
0.272094 0.206255 0.033716
0.272702 0.219236 0.033102
0.273310 0.224833 0.034707
0.273918 0.249527 0.034551
0.274526 0.241164 0.034634
0.275133 0.253573 0.034623
0.275741 0.291996 0.034051
0.276349 0.315436 0.035505
0.276957 0.328095 0.033730
0.277565 0.307198 0.033565
0.278173 0.321962 0.034269
0.278781 0.303288 0.033004
0.279389 0.275122 0.033343
0.279997 0.262833 0.033792
0.280605 0.249718 0.033653
0.281213 0.192799 0.032934
0.281821 0.243328 0.034400
0.282429 0.169748 0.033672
0.283036 0.206509 0.035737
0.283644 0.240105 0.033247
0.284252 0.257746 0.032577
0.284860 0.283298 0.032409
0.285468 0.274400 0.033878
0.286076 0.296250 0.034114
0.286684 0.291218 0.034361
0.287292 0.305942 0.035619
0.287900 0.331617 0.033107
0.288508 0.271732 0.032341
0.289116 0.233929 0.031410
0.289723 0.242147 0.031651
0.290331 0.210038 0.030382
0.290939 0.209739 0.031715
0.291547 0.226807 0.031585
0.292155 0.237727 0.032482
0.292763 0.227890 0.030858
0.293371 0.254776 0.031974
0.293979 0.247831 0.031441
0.294587 0.229603 0.030595
0.295195 0.215280 0.031482
0.295803 0.258083 0.031292
0.296410 0.208144 0.030661
0.297018 0.277053 0.031970
0.297626 0.232853 0.030560
0.298234 0.283430 0.031977
0.298842 0.210532 0.030754
0.299450 0.223940 0.031105
0.300058 0.240976 0.029638
0.300666 0.216981 0.030953
0.301274 0.214877 0.029804
0.301881 0.251702 0.030256
0.302489 0.276701 0.030098
0.303097 0.234882 0.029834
0.303705 0.300229 0.030572
0.304313 0.264089 0.030094
0.304921 0.265599 0.030476
0.305529 0.294190 0.027983
0.306137 0.294080 0.031480
0.306745 0.213178 0.028062
0.307353 0.227782 0.031531
0.307960 0.261143 0.028566
0.308568 0.229639 0.030282
0.309176 0.215281 0.028098
0.309784 0.232078 0.031421
0.310392 0.255623 0.029369
0.311000 0.222448 0.029481
0.311608 0.297070 0.029323
0.312216 0.278120 0.031517
0.312823 0.281414 0.029229
0.313431 0.291573 0.030244
0.314039 0.239536 0.028542
0.314647 0.275958 0.028645
0.315255 0.216737 0.029709
0.315863 0.274903 0.032744
0.316471 0.289897 0.035711
0.317079 0.323973 0.035817
0.317686 0.311990 0.035571
0.318294 0.338056 0.038657
0.318902 0.408455 0.041502
0.319510 0.316369 0.043221
0.320118 0.344795 0.049533
0.320726 0.390630 0.048768
0.321334 0.323335 0.058015
0.321942 0.330248 0.065451
0.322549 0.309059 0.211039
