0.010641 26.740992 3.496197
0.011250 29.180984 3.387447
0.011858 45.875713 3.201396
0.012466 33.663399 1.739424
0.013074 35.190553 2.925985
0.013682 40.502797 1.752458
0.014290 34.487052 2.695392
0.014898 36.189979 1.114063
0.015506 34.725345 1.745661
0.016114 34.902591 1.150719
0.016722 35.392555 1.514938
0.017330 34.411466 1.649541
0.017938 34.498016 1.572363
0.018546 34.911216 1.165212
0.019155 34.896701 0.986712
0.019763 34.703470 1.102330
0.020371 35.980160 0.899398
0.020979 35.536135 1.046314
0.021587 34.288578 0.822170
0.022195 33.050481 0.704491
0.022803 32.943090 0.813856
0.023411 33.256390 0.773921
0.024019 33.317289 0.829872
0.024627 31.374380 0.899072
0.025235 31.635070 0.787555
0.025843 31.323482 0.692401
0.026452 30.513410 0.716208
0.027060 32.098925 0.590523
0.027668 31.279299 0.650701
0.028276 31.481807 0.522885
0.028884 31.015381 0.591752
0.029492 30.670659 0.515234
0.030100 30.592445 0.616884
0.030708 30.236440 0.456622
0.031316 29.616746 0.560337
0.031924 30.025475 0.506790
0.032532 28.690794 0.584849
0.033140 29.399449 0.510152
0.033748 29.141075 0.506484
0.034357 28.226474 0.516300
0.034965 27.625880 0.537822
0.035573 26.738466 0.529524
0.036181 26.882356 0.555145
0.036789 26.883153 0.483779
0.037397 26.307020 0.498114
0.038005 26.822988 0.457150
0.038613 26.430818 0.462484
0.039221 25.642239 0.546979
0.039829 25.793192 0.485596
0.040437 24.602367 0.461703
0.041045 25.277442 0.406105
0.041654 25.638898 0.467986
0.042262 25.490077 0.430212
0.042870 24.703276 0.467937
0.043478 24.622086 0.450309
0.044086 24.451596 0.431903
0.044694 24.729699 0.427182
0.045302 24.259002 0.458156
0.045910 23.042291 0.445516
0.046518 23.320251 0.462910
0.047126 23.417710 0.369011
0.047734 23.074557 0.377047
0.048342 22.386592 0.412212
0.048950 22.932140 0.387798
0.049559 21.957894 0.411178
0.050167 21.712442 0.349482
0.050775 21.410058 0.410119
0.051383 21.492918 0.357166
0.051991 20.888423 0.346590
0.052599 20.198349 0.349712
0.053207 20.277261 0.332821
0.053815 20.370059 0.405357
0.054423 19.724316 0.406554
0.055031 19.934365 0.361998
0.055639 20.080130 0.410285
0.056247 19.851487 0.371837
0.056855 19.905366 0.336707
0.057463 18.970295 0.313071
0.058072 18.808975 0.315778
0.058680 18.485984 0.342645
0.059288 18.206432 0.311254
0.059896 17.851638 0.354467
0.060504 17.762711 0.333218
0.061112 17.713930 0.331018
0.061720 16.621913 0.336054
0.062328 16.950576 0.355437
0.062936 17.103726 0.317168
0.063544 16.435637 0.319812
0.064152 15.960196 0.338478
0.064760 15.838910 0.339242
0.065368 15.530820 0.324606
0.065977 15.396877 0.333819
0.066585 15.100293 0.284095
0.067193 14.845092 0.339910
0.067801 14.465668 0.302729
0.068409 14.492536 0.304827
0.069017 14.460847 0.285293
0.069625 14.270933 0.340751
0.070233 14.646477 0.351736
0.070841 14.211941 0.325497
0.071449 14.641430 0.301509
0.072057 13.279782 0.540608
0.072665 13.434701 0.322049
0.073273 13.451698 0.325893
0.073881 12.742665 0.292939
0.074490 12.270474 0.277207
0.075098 12.152197 0.261370
0.075706 12.469475 0.314091
0.076314 12.204744 0.272722
0.076922 12.075573 0.250173
0.077530 11.795251 0.285714
0.078138 11.219025 0.282922
0.078746 11.553496 0.280747
0.079354 11.356572 0.286145
0.079962 10.817955 0.258131
0.080570 11.190904 0.236771
0.081178 10.383557 0.300381
0.081786 10.193042 0.286596
0.082394 9.990043 0.262139
0.083002 9.730313 0.302077
0.083611 9.735816 0.241987
0.084219 9.511300 0.254884
0.084827 9.482514 0.289934
0.085435 9.624493 0.248293
0.086043 9.310035 0.271389
0.086651 9.316164 0.248364
0.087259 9.329436 0.266807
0.087867 9.386785 0.240225
0.088475 8.512584 0.262887
0.089083 8.654460 0.245507
0.089691 8.238884 0.251413
0.090299 8.052484 0.258293
0.090907 8.113684 0.245606
0.091515 8.154557 0.250136
0.092123 7.709845 0.248144
0.092732 7.822093 0.250101
0.093340 7.548476 0.248587
0.093948 7.291929 0.262155
0.094556 7.197939 0.312758
0.095164 7.489842 0.329394
0.095772 6.951353 0.235871
0.096380 7.021236 0.256345
0.096988 6.885211 0.246980
0.097596 6.885298 0.259888
0.098204 6.893950 0.248214
0.098812 6.793473 0.252973
0.099420 6.247746 0.238537
0.100028 6.464945 0.224296
0.100636 6.102970 0.223630
0.101244 6.636004 0.243540
0.101852 6.301080 0.231843
0.102461 5.761828 0.234139
0.103069 6.005270 0.219635
0.103677 5.649182 0.220840
0.104285 6.199231 0.222083
0.104893 5.790578 0.211423
0.105501 6.013136 0.224163
0.106109 5.588039 0.210692
0.106717 5.245149 0.249770
0.107325 5.121930 0.205564
0.107933 4.718758 0.220517
0.108541 4.811960 0.211192
0.109149 4.922689 0.204209
0.109757 4.316466 0.221046
0.110365 5.001849 0.219672
0.110973 4.386739 0.226678
0.111581 4.873589 0.231038
0.112189 4.339995 0.243943
0.112798 4.087358 0.210658
0.113406 4.398534 0.227750
0.114014 4.296022 0.206312
0.114622 4.390607 0.211033
0.115230 3.552917 0.202111
0.115838 3.465385 0.225999
0.116446 3.314814 0.198908
0.117054 3.558878 0.217379
0.117662 3.258660 0.211497
0.118270 3.498565 0.210363
0.118878 3.469554 0.218332
0.119486 3.417440 0.210325
0.120094 3.866841 0.221978
0.120702 3.284610 0.218596
0.121310 3.503316 0.224946
0.121918 3.522276 0.202764
0.122526 3.168149 0.198552
0.123134 3.284658 0.191625
0.123742 2.974239 0.200625
0.124351 2.963813 0.203262
0.124959 2.824239 0.204109
0.125567 2.821937 0.209034
0.126175 2.693739 0.206100
0.126783 3.045085 0.210048
0.127391 2.848846 0.192294
0.127999 2.831441 0.194280
0.128607 2.766050 0.209732
0.129215 2.873565 0.226974
0.129823 2.360094 0.269064
0.130431 2.398046 0.319000
0.131039 2.713255 0.388896
0.131647 2.467961 0.564423
0.132255 2.432655 0.199075
0.132863 1.948571 0.196070
0.133471 2.298721 0.195354
0.134079 2.201830 0.206491
0.134687 2.286949 0.207043
0.135295 2.206890 0.195590
0.135903 2.206543 0.201472
0.136511 2.122711 0.193770
0.137119 2.085601 0.196626
0.137728 2.455221 0.199166
0.138336 2.212209 0.185009
0.138944 2.044994 0.205270
0.139552 1.704518 0.197179
0.140160 1.604854 0.194996
0.140768 1.896906 0.204559
0.141376 1.887083 0.186596
0.141984 2.149200 0.192852
0.142592 2.155002 0.186056
0.143200 1.633941 0.219355
0.143808 1.599197 0.193308
0.144416 1.801112 0.195637
0.145024 1.887760 0.186283
0.145632 1.730572 0.203211
0.146240 1.834881 0.185549
0.146848 1.734848 0.184373
0.147456 1.669255 0.178740
0.148064 1.935075 0.186636
0.148672 1.567388 0.177785
0.149280 1.469027 0.189023
0.149888 1.480769 0.180390
0.150496 1.249683 0.176260
0.151104 1.325685 0.191879
0.151712 1.720636 0.172817
0.152320 1.764041 0.188105
0.152928 1.833396 0.176792
0.153537 1.720881 0.187189
0.154145 1.690433 0.169792
0.154753 1.767878 0.181178
0.155361 1.081321 0.173618
0.155969 1.123656 0.183804
0.156577 0.937001 0.182441
0.157185 1.330198 0.181619
0.157793 1.257344 0.184289
0.158401 1.051083 0.177953
0.159009 1.049001 0.183702
0.159617 0.829166 0.171444
0.160225 1.344445 0.175128
0.160833 1.316628 0.179213
0.161441 1.484045 0.191239
0.162049 1.325389 0.167135
0.162657 1.174946 0.167212
0.163265 1.463267 0.175902
0.163873 1.215497 0.169314
0.164481 1.063536 0.166713
0.165089 0.899588 0.168063
0.165697 1.167661 0.169835
0.166305 1.043872 0.169437
0.166913 1.316943 0.158909
0.167521 0.987433 0.169147
0.168129 1.061443 0.159939
0.168737 0.918580 0.159100
0.169345 0.923927 0.163565
0.169953 1.022877 0.172544
0.170561 1.049295 0.166266
0.171169 0.758995 0.172701
0.171777 0.674259 0.162182
0.172385 0.764614 0.165768
0.172993 0.723814 0.161278
0.173601 0.491624 0.170529
0.174209 0.678768 0.156243
0.174817 0.624041 0.161978
0.175425 0.587188 0.177419
0.176033 1.201310 0.168826
0.176641 0.838956 0.171697
0.177250 0.661920 0.178604
0.177858 0.887353 0.165685
0.178466 0.829166 0.162821
0.179074 0.660322 0.165341
0.179682 0.746652 0.170548
0.180290 0.540310 0.175316
0.180898 0.671570 0.160094
0.181506 0.667727 0.170706
0.182114 0.607050 0.163362
0.182722 0.513701 0.172700
0.183330 0.649008 0.161646
0.183938 0.516826 0.165450
0.184546 0.905479 0.154593
0.185154 0.778672 0.180286
0.185762 0.390852 0.157742
0.186370 0.882593 0.166253
0.186978 0.458696 0.159893
0.187586 0.607208 0.151272
0.188194 0.667159 0.158169
0.188802 0.391570 0.161170
0.189410 0.662048 0.150977
0.190018 0.182278 0.168815
0.190626 0.940145 0.161903
0.191234 0.570848 0.158317
0.191842 0.587943 0.158545
0.192450 0.679507 0.151319
0.193058 0.550272 0.154328
0.193666 0.732624 0.152619
0.194274 0.881753 0.156531
0.194882 0.939131 0.167828
0.195490 0.686260 0.166432
0.196098 0.711918 0.143291
0.196706 0.687987 0.164362
0.197314 0.328685 0.146058
0.197922 0.335775 0.148376
0.198530 0.153855 0.163578
0.199138 0.368160 0.167481
0.199746 0.168887 0.147834
0.200354 0.286596 0.149681
0.200962 0.575650 0.149564
0.201570 0.475947 0.149970
0.202178 0.592807 0.159797
0.202786 0.680864 0.145799
0.203394 0.827086 0.150952
0.204002 0.562475 0.146078
0.204610 0.693051 0.151406
0.205218 0.625324 0.143760
0.205826 0.574378 0.146732
0.206434 0.356474 0.148257
0.207042 0.361055 0.148544
0.207650 0.415605 0.147249
0.208258 0.534764 0.151310
0.208866 0.553495 0.144778
0.209474 0.856128 0.154928
0.210082 0.319249 0.145084
0.210690 0.560094 0.143316
0.211298 0.357269 0.144658
0.211906 0.397778 0.143719
0.212514 0.354183 0.144042
0.213122 0.122218 0.153500
0.213730 0.311587 0.153233
0.214338 0.497856 0.145225
0.214946 0.500361 0.142013
0.215554 0.518410 0.146923
0.216162 0.310009 0.145654
0.216770 0.404346 0.154136
0.217378 0.316042 0.145179
0.217986 0.331330 0.155817
0.218594 0.294590 0.139994
0.219202 0.380935 0.147508
0.219810 0.410286 0.142594
0.220418 0.647499 0.139474
0.221025 0.673557 0.141911
0.221633 0.420288 0.140945
0.222241 0.531812 0.141620
0.222849 0.366898 0.139206
0.223457 0.382774 0.145791
0.224065 0.474815 0.152494
0.224673 0.319445 0.147653
0.225281 0.541182 0.144359
0.225889 0.471884 0.140522
0.226497 0.524495 0.139582
0.227105 0.616144 0.143781
0.227713 0.718326 0.148803
0.228321 0.426794 0.145532
0.228929 0.309288 0.143095
0.229537 0.502476 0.130059
0.230145 0.144726 0.137470
0.230753 0.545627 0.134524
0.231361 0.334014 0.142047
0.231969 0.315009 0.144663
0.232577 0.495429 0.136415
0.233185 0.201439 0.135562
0.233793 0.149132 0.139221
0.234401 0.211305 0.134999
0.235009 0.093920 0.137641
0.235617 0.442897 0.129104
0.236225 0.577367 0.131187
0.236833 0.109595 0.135600
0.237441 0.570038 0.140941
0.238049 0.362307 0.129849
0.238657 0.202563 0.139140
0.239873 0.554074 0.131520
0.240481 0.435198 0.130653
0.241089 0.390019 0.144074
0.241697 0.389889 0.137382
0.242304 0.247614 0.136339
0.242912 0.443120 0.129148
0.243520 0.263710 0.142789
0.244128 0.358437 0.132676
0.244736 0.263107 0.131549
0.245344 0.287004 0.130629
0.245952 0.477658 0.132927
0.246560 0.102034 0.134228
0.247168 0.387258 0.136099
0.247776 0.096981 0.132304
0.248384 0.189269 0.130842
0.248992 0.191661 0.140498
0.249600 0.237599 0.131901
0.250208 0.349027 0.134280
0.250816 0.381579 0.132325
0.251424 0.483525 0.131663
0.252032 0.425376 0.137031
0.252640 0.328493 0.132771
0.253248 0.203630 0.123306
0.253856 0.271259 0.128370
0.254464 0.324421 0.134889
0.255072 0.442072 0.141508
0.255679 0.194657 0.136589
0.256287 0.585204 0.128964
0.256895 0.549784 0.132915
0.257503 0.673526 0.132259
0.258111 0.554006 0.126971
0.258719 0.650465 0.122852
0.259327 0.543603 0.125476
0.259935 0.715969 0.130113
0.260543 0.481731 0.123692
0.261151 0.525209 0.125751
0.261759 0.374039 0.134614
0.262367 0.175497 0.127898
0.262975 0.411445 0.124260
0.263583 0.322124 0.127197
0.264191 0.290856 0.121367
0.264799 0.611730 0.127534
0.265407 0.572585 0.128877
0.266014 0.514176 0.124408
0.266622 0.590547 0.132761
0.267230 0.340723 0.131828
0.267838 0.335253 0.126392
0.268446 0.293028 0.129521
0.269054 0.433762 0.128163
0.269662 0.213878 0.132478
0.270270 0.434729 0.137298
0.270878 0.348166 0.132174
0.271486 0.174753 0.119759
0.272094 0.450284 0.116185
0.272702 0.254492 0.118757
0.273310 0.319921 0.129731
0.273918 0.467659 0.157620
0.274526 0.399126 0.253567
0.275133 0.174894 0.142813
0.275741 0.385389 0.219972
0.276349 0.266214 0.125059
0.276957 0.458263 0.124263
0.277565 0.429693 0.129400
0.278173 0.425569 0.123804
0.278781 0.488478 0.122318
0.279389 0.541488 0.126011
0.279997 0.265170 0.118654
0.280605 0.438770 0.120622
0.281213 0.410397 0.115818
0.281821 0.301194 0.126786
0.282429 0.365219 0.118118
0.283036 0.386446 0.125850
0.283644 0.509394 0.115692
0.284252 0.410372 0.118741
0.284860 0.237977 0.120618
0.285468 0.367101 0.116528
0.286076 0.571574 0.118463
0.286684 0.430582 0.121130
0.287292 0.453081 0.115450
0.287900 0.312483 0.114226
0.288508 0.286350 0.113974
0.289116 0.417453 0.122859
0.289723 0.226699 0.112763
0.290331 0.261207 0.125024
0.290939 0.344898 0.111614
0.291547 0.191600 0.115526
0.292155 0.257228 0.113298
0.292763 0.329517 0.110979
0.293371 0.350598 0.118493
0.293979 0.219349 0.118740
0.294587 0.274559 0.112079
0.295195 0.277596 0.121227
0.295803 0.301464 0.108565
0.296410 0.217301 0.101256
0.297018 0.328683 0.119478
0.297626 0.402078 0.114010
0.298234 0.485580 0.116411
0.298842 0.435743 0.118712
0.299450 0.562826 0.115606
0.300058 0.185880 0.119603
0.300666 0.466194 0.206576
0.301274 0.388522 0.105296
0.301881 0.289647 0.113821
0.302489 0.332753 0.109404
0.303097 0.176293 0.107490
0.303705 0.441373 0.108856
0.304313 0.242311 0.108575
0.304921 0.567041 0.108166
0.305529 0.345458 0.103250
0.306137 0.295598 0.109625
0.306745 0.201173 0.102330
0.307353 0.155257 0.110559
0.307960 0.278557 0.112583
0.308568 0.290301 0.114032
0.309176 0.263569 0.099518
0.309784 0.234400 0.108817
0.310392 0.228285 0.109130
0.311000 0.372050 0.107972
0.311608 0.375598 0.105956
0.312216 0.285814 0.109635
0.312823 0.298627 0.099450
0.313431 0.353281 0.101621
0.314039 0.275654 0.103334
0.314647 0.366202 0.101067
0.315255 0.228980 0.110728
0.315863 0.214103 0.111691
0.316471 0.169810 0.126549
0.317079 0.201214 0.126246
0.317686 0.123249 0.126796
0.318294 0.156472 0.140829
0.318902 0.102293 0.150067
0.320118 0.313497 0.559509
0.320726 0.502253 0.184901
0.321334 0.055895 0.211677
0.321942 1.038524 0.269805
0.322549 0.489688 0.435860
