# SAXS profile: number of points = 328, q_min = 0.0223594, q_max = 0.299529, delta_q = 0.000847613455657492
# offset = 0.00000000000000, scaling c = 3.54742137949521e-07, Chi = 1.71026146757148
#  q       exp_intensity   model_intensity
0.02236    14.43900000     15.45545935    
0.02321    13.79610000     15.10979919    
0.02405    14.08830000     14.76145377    
0.02490    13.65730000     14.41099976    
0.02575    13.60510000     14.05960432    
0.02660    13.21190000     13.70806783    
0.02745    13.19570000     13.35705399    
0.02829    12.75130000     13.00721721    
0.02914    12.25070000     12.65919626    
0.02999    12.31230000     12.31364398    
0.03084    12.36400000     11.97186666    
0.03168    11.68630000     11.63397432    
0.03253    11.30700000     11.30044151    
0.03338    10.76750000     10.97173621    
0.03423    10.83710000     10.64830146    
0.03507    10.52360000     10.33056481    
0.03592    10.37990000     10.01964298    
0.03677    10.29470000     9.71595034     
0.03762    9.48719000      9.41919019     
0.03846    9.01718000      9.12959134     
0.03931    8.85006000      8.84737906     
0.04016    8.44015000      8.57274732     
0.04101    7.86383000      8.30587918     
0.04185    7.70924000      8.04858172     
0.04270    7.67854000      7.79936467     
0.04355    7.75649000      7.55825722     
0.04440    7.03956000      7.32525609     
0.04525    6.31780000      7.10035635     
0.04609    6.65776000      6.88352185     
0.04694    6.67082000      6.67539176     
0.04779    6.63067000      6.47621128     
0.04864    6.80659000      6.28477925     
0.04948    6.56320000      6.10099633     
0.05033    5.99261000      5.92468472     
0.05118    5.76652000      5.75567484     
0.05203    5.94121000      5.59377258     
0.05287    5.67196000      5.43998906     
0.05372    5.33725000      5.29302833     
0.05457    4.82864000      5.15238892     
0.05542    4.64510000      5.01786099     
0.05626    4.68164000      4.88918203     
0.05711    4.41770000      4.76610390     
0.05796    4.57571000      4.64864988     
0.05881    4.28930000      4.53698386     
0.05965    4.45456000      4.42998886     
0.06050    4.44377000      4.32739583     
0.06135    4.27073000      4.22897116     
0.06220    4.24736000      4.13444747     
0.06304    4.34650000      4.04357581     
0.06389    4.14968000      3.95657039     
0.06474    3.91215000      3.87282515     
0.06559    3.97405000      3.79189120     
0.06644    3.83564000      3.71354155     
0.06728    3.68377000      3.63758680     
0.06813    3.61324000      3.56381920     
0.06898    3.67672000      3.49210624     
0.06983    3.57155000      3.42248415     
0.07067    3.44320000      3.35442402     
0.07152    3.31127000      3.28777689     
0.07237    3.17959000      3.22240089     
0.07322    3.14702000      3.15818450     
0.07406    3.12728000      3.09499674     
0.07491    3.05683000      3.03283500     
0.07576    2.98127000      2.97153926     
0.07661    2.87230000      2.91095565     
0.07745    2.83906000      2.85101377     
0.07830    2.79884000      2.79164946     
0.07915    2.73880000      2.73283227     
0.08000    2.61780000      2.67451934     
0.08084    2.61914000      2.61677280     
0.08169    2.50877000      2.55946479     
0.08254    2.43065000      2.50258909     
0.08339    2.39845000      2.44614426     
0.08424    2.34836000      2.39012735     
0.08508    2.24130000      2.33456018     
0.08593    2.20519000      2.27949724     
0.08678    2.13989000      2.22497445     
0.08763    2.07418000      2.17095999     
0.08847    2.04476000      2.11748369     
0.08932    1.94377000      2.06457578     
0.09017    1.91932000      2.01226008     
0.09102    1.88815000      1.96057926     
0.09186    1.88306000      1.90969961     
0.09271    1.81312000      1.85955593     
0.09356    1.78596000      1.81015836     
0.09441    1.74731000      1.76154071     
0.09525    1.69486000      1.71373703     
0.09610    1.65731000      1.66677266     
0.09695    1.56434000      1.62075329     
0.09780    1.54193000      1.57577527     
0.09864    1.57640000      1.53173476     
0.09949    1.55781000      1.48864736     
0.10034    1.43525000      1.44652672     
0.10119    1.40739000      1.40538231     
0.10204    1.35589000      1.36528860     
0.10288    1.31851000      1.32632905     
0.10373    1.30132000      1.28848734     
0.10458    1.25293000      1.25162816     
0.10543    1.23508000      1.21578842     
0.10627    1.21310000      1.18100514     
0.10712    1.17436000      1.14719876     
0.10797    1.15132000      1.11447808     
0.10882    1.11469000      1.08287949     
0.10966    1.07894000      1.05225398     
0.11051    1.06261000      1.02262009     
0.11136    1.03007000      0.99388734     
0.11221    0.99601300      0.96607050     
0.11305    0.97542100      0.93918102     
0.11390    0.96765400      0.91325432     
0.11475    0.93637400      0.88825913     
0.11560    0.89498900      0.86404278     
0.11645    0.86404900      0.84061248     
0.11729    0.81981000      0.81796572     
0.11814    0.80409700      0.79601908     
0.11899    0.79244900      0.77481487     
0.11983    0.76794500      0.75438718     
0.12068    0.75316900      0.73460040     
0.12153    0.75308500      0.71544509     
0.12238    0.72995000      0.69685059     
0.12323    0.69164900      0.67881648     
0.12407    0.67461500      0.66133763     
0.12492    0.65186600      0.64440445     
0.12577    0.62898700      0.62802816     
0.12662    0.59582100      0.61208820     
0.12746    0.60070400      0.59658647     
0.12831    0.57663700      0.58152393     
0.12916    0.56619800      0.56684846     
0.13001    0.57708000      0.55257662     
0.13085    0.55149200      0.53873281     
0.13170    0.53373300      0.52524440     
0.13255    0.50932500      0.51211292     
0.13340    0.49127100      0.49929547     
0.13425    0.46965300      0.48679728     
0.13509    0.46510700      0.47462387     
0.13594    0.45815200      0.46276443     
0.13679    0.44727700      0.45125043     
0.13764    0.44019900      0.44000878     
0.13848    0.42263300      0.42904978     
0.13933    0.41155600      0.41838111     
0.14018    0.39861600      0.40797319     
0.14103    0.39125400      0.39784775     
0.14187    0.37414800      0.38802542     
0.14272    0.36606800      0.37847627     
0.14357    0.35898500      0.36919837     
0.14442    0.34624200      0.36016954     
0.14526    0.35558400      0.35141021     
0.14611    0.35206300      0.34289710     
0.14696    0.32700800      0.33465214     
0.14781    0.30783000      0.32670811     
0.14865    0.30118600      0.31900258     
0.14950    0.30238800      0.31154462     
0.15035    0.29932500      0.30433981     
0.15120    0.28992700      0.29736856     
0.15204    0.27736000      0.29064642     
0.15289    0.27499100      0.28418564     
0.15374    0.28437300      0.27796961     
0.15459    0.27079700      0.27198701     
0.15543    0.25261700      0.26621873     
0.15628    0.24288200      0.26067454     
0.15713    0.24396400      0.25533732     
0.15798    0.24676000      0.25021075     
0.15882    0.24029100      0.24532901     
0.15967    0.23242800      0.24063343     
0.16052    0.21809900      0.23612619     
0.16137    0.21609200      0.23180421     
0.16222    0.20973900      0.22764940     
0.16306    0.20628200      0.22366669     
0.16391    0.21218700      0.21986014     
0.16476    0.20158000      0.21621724     
0.16561    0.20111000      0.21272319     
0.16645    0.19794800      0.20936029     
0.16730    0.19088900      0.20612906     
0.16815    0.18395700      0.20301700     
0.16900    0.18049500      0.20002416     
0.16984    0.17802100      0.19716376     
0.17069    0.17364700      0.19439931     
0.17154    0.18462500      0.19172862     
0.17239    0.18241600      0.18914858     
0.17324    0.17247000      0.18664760     
0.17408    0.17373500      0.18422667     
0.17493    0.16491300      0.18188070     
0.17578    0.15631800      0.17960354     
0.17663    0.16845700      0.17739009     
0.17747    0.16517700      0.17522836     
0.17832    0.15220700      0.17311971     
0.17917    0.14735900      0.17105689     
0.18002    0.14982700      0.16903738     
0.18086    0.13392500      0.16707089     
0.18171    0.13678900      0.16513468     
0.18256    0.15403500      0.16323350     
0.18341    0.15862100      0.16136698     
0.18425    0.15325000      0.15952797     
0.18510    0.14818200      0.15771971     
0.18595    0.14878700      0.15593736     
0.18680    0.13279500      0.15418431     
0.18764    0.12501100      0.15245570     
0.18849    0.13249300      0.15074984     
0.18934    0.14910300      0.14906785     
0.19019    0.13599000      0.14740406     
0.19104    0.13571900      0.14576670     
0.19188    0.12046300      0.14415032     
0.19273    0.11423300      0.14255695     
0.19358    0.13896900      0.14098299     
0.19442    0.13939200      0.13943102     
0.19527    0.13040200      0.13789791     
0.19612    0.12051700      0.13638660     
0.19697    0.11728400      0.13489517     
0.19782    0.11462300      0.13342649     
0.19866    0.11453000      0.13198087     
0.19951    0.12403500      0.13055259     
0.20036    0.12074900      0.12914565     
0.20121    0.10818600      0.12775738     
0.20205    0.11755300      0.12638793     
0.20290    0.11408900      0.12504333     
0.20375    0.10430000      0.12371648     
0.20460    0.10468100      0.12240840     
0.20544    0.11431400      0.12111932     
0.20629    0.11824800      0.11984634     
0.20714    0.11926800      0.11859309     
0.20799    0.11933600      0.11735414     
0.20883    0.11505000      0.11613881     
0.20968    0.11915100      0.11493701     
0.21053    0.11819200      0.11374947     
0.21138    0.11119700      0.11257850     
0.21222    0.11278800      0.11141978     
0.21307    0.11675600      0.11027440     
0.21392    0.11920300      0.10914539     
0.21477    0.11039100      0.10803085     
0.21562    0.10581000      0.10692784     
0.21646    0.11673700      0.10583492     
0.21731    0.11172400      0.10475390     
0.21816    0.10330500      0.10368513     
0.21901    0.08436500      0.10262463     
0.21985    0.08716370      0.10157716     
0.22070    0.08975120      0.10054258     
0.22155    0.09386070      0.09951741     
0.22240    0.09883700      0.09850281     
0.22324    0.11379900      0.09749607     
0.22409    0.09151570      0.09649967     
0.22494    0.07566790      0.09551848     
0.22579    0.09660410      0.09454541     
0.22663    0.10174800      0.09358573     
0.22748    0.09608840      0.09263627     
0.22833    0.09198680      0.09169759     
0.22918    0.09842060      0.09077156     
0.23003    0.11044100      0.08985807     
0.23087    0.09949350      0.08895853     
0.23172    0.10234300      0.08807367     
0.23257    0.09200930      0.08720178     
0.23342    0.08418510      0.08634521     
0.23426    0.08140910      0.08550148     
0.23511    0.09288610      0.08467148     
0.23596    0.08836700      0.08386099     
0.23681    0.09575410      0.08306670     
0.23765    0.08117400      0.08229011     
0.23850    0.07791280      0.08152826     
0.23935    0.05568440      0.08078287     
0.24020    0.05376050      0.08005627     
0.24104    0.06391330      0.07934731     
0.24189    0.07275080      0.07865774     
0.24274    0.07832370      0.07798690     
0.24359    0.08036570      0.07733289     
0.24443    0.07394020      0.07669683     
0.24528    0.08264980      0.07607707     
0.24613    0.10036900      0.07547474     
0.24698    0.10526500      0.07489124     
0.24782    0.10726100      0.07432638     
0.24867    0.10452800      0.07377765     
0.24952    0.10868600      0.07324428     
0.25037    0.10759200      0.07272601     
0.25122    0.09775610      0.07222312     
0.25206    0.09009080      0.07173556     
0.25291    0.08169450      0.07126212     
0.25376    0.07198090      0.07080382     
0.25461    0.07447800      0.07035693     
0.25545    0.08103680      0.06992211     
0.25630    0.08701680      0.06949767     
0.25715    0.06942980      0.06908354     
0.25800    0.06641940      0.06868063     
0.25884    0.06741200      0.06828701     
0.25969    0.10692700      0.06790227     
0.26054    0.09952020      0.06752398     
0.26139    0.09261760      0.06715305     
0.26223    0.10587800      0.06678895     
0.26308    0.09893210      0.06642791     
0.26393    0.07379970      0.06607452     
0.26478    0.07294190      0.06572615     
0.26562    0.07090880      0.06538102     
0.26647    0.08155140      0.06504035     
0.26732    0.08003860      0.06470303     
0.26817    0.08716090      0.06436848     
0.26902    0.07160580      0.06403604     
0.26986    0.05500280      0.06370746     
0.27071    0.06630560      0.06338034     
0.27156    0.08036910      0.06305653     
0.27241    0.06468600      0.06273488     
0.27325    0.07087360      0.06241430     
0.27410    0.08770840      0.06209470     
0.27495    0.09807800      0.06178048     
0.27580    0.09870070      0.06146623     
0.27664    0.07404970      0.06115608     
0.27749    0.07472750      0.06084949     
0.27834    0.07513220      0.06054515     
0.27919    0.08590190      0.06024382     
0.28003    0.10241500      0.05994716     
0.28088    0.08849280      0.05965355     
0.28173    0.07858990      0.05936598     
0.28258    0.07857120      0.05908249     
0.28342    0.07847320      0.05880371     
0.28427    0.08455170      0.05853069     
0.28512    0.09547880      0.05826322     
0.28597    0.08227380      0.05800135     
0.28681    0.06220130      0.05774640     
0.28766    0.06154540      0.05749834     
0.28851    0.07428560      0.05725750     
0.28936    0.07447930      0.05702306     
0.29021    0.09072200      0.05679550     
0.29105    0.09631340      0.05657600     
0.29190    0.10099100      0.05636496     
0.29275    0.09562430      0.05616179     
0.29360    0.09216950      0.05596539     
0.29444    0.07772670      0.05577705     
0.29529    0.06623470      0.05559666     
0.29614    0.04745790      0.05542270     
0.29699    0.03634240      0.05525653     
0.29783    0.07653490      0.05509946     
0.29868    0.08235260      0.05494937     
0.29953    0.07024720      0.05480583     
