0.010641 4.681003 6.277903
0.011250 3.567883 3.121344
0.012466 3.669325 3.441146
0.013074 0.774258 2.967073
0.013682 8.814177 2.362883
0.014290 8.157611 1.995061
0.014898 9.928743 1.469464
0.015506 9.073451 2.388821
0.016114 3.309018 1.921600
0.016722 9.907281 1.533609
0.017330 7.495195 1.384739
0.017938 6.160155 0.955634
0.018546 8.177764 1.188752
0.019155 8.894055 1.003401
0.019763 6.931351 0.994924
0.020371 6.898746 0.922583
0.020979 6.024776 1.023550
0.021587 7.264312 0.676841
0.022195 6.042916 0.842104
0.022803 5.822489 0.710766
0.023411 6.725236 0.872353
0.024019 5.792976 0.639395
0.024627 6.069505 0.549696
0.025235 5.562388 0.676662
0.025843 5.992144 0.530136
0.026452 5.916060 0.654383
0.027060 6.784622 0.509363
0.027668 6.241700 0.566342
0.028276 6.844260 0.529596
0.028884 6.790704 0.597403
0.029492 5.593284 0.505313
0.030100 6.051642 0.587366
0.030708 6.003304 0.418429
0.031316 6.752543 0.559731
0.031924 6.333032 0.465384
0.032532 6.404872 0.491336
0.033140 6.177726 0.482021
0.033748 7.171803 0.450900
0.034357 5.316270 0.411204
0.034965 6.600876 0.497099
0.035573 5.020405 0.406840
0.036181 6.900010 0.440376
0.036789 5.869957 0.444961
0.037397 5.831906 0.467631
0.038005 5.495869 0.438620
0.038613 5.803090 0.390279
0.039221 5.821702 0.447752
0.039829 5.500767 0.370020
0.040437 5.269972 0.452260
0.041045 5.075604 0.361896
0.041654 5.424717 0.440089
0.042262 5.314476 0.335353
0.042870 4.898614 0.442888
0.043478 4.957372 0.403738
0.044086 4.650680 0.402210
0.044694 4.843899 0.415749
0.045302 4.661489 0.446097
0.045910 4.458062 0.391356
0.046518 3.665474 0.376160
0.047126 3.994456 0.350713
0.047734 3.963803 0.356512
0.048342 4.781106 0.374441
0.048950 3.776020 0.339400
0.049559 4.383135 0.350067
0.050167 3.659356 0.393310
0.050775 4.230586 0.347396
0.051383 3.825004 0.362383
0.051991 3.760369 0.333752
0.052599 4.853624 0.297485
0.053207 4.087243 0.352042
0.053815 3.906249 0.306947
0.054423 3.783279 0.343804
0.055031 4.023524 0.308297
0.055639 3.886076 0.354079
0.056247 3.851552 0.319935
0.056855 4.073862 0.362723
0.057463 4.263124 0.329882
0.058072 3.853172 0.331448
0.058680 3.877226 0.327411
0.059288 3.835205 0.366105
0.059896 3.806865 0.361323
0.060504 3.713041 0.339491
0.061112 3.139900 0.299241
0.061720 3.196490 0.340670
0.062328 2.891336 0.353285
0.062936 2.883305 0.322244
0.063544 2.412348 0.319659
0.064152 2.727567 0.301571
0.064760 2.987474 0.315556
0.065368 2.955146 0.326505
0.065977 2.341187 0.317949
0.066585 3.115521 0.317002
0.067193 2.634194 0.296103
0.067801 2.880578 0.291016
0.068409 2.953684 0.300207
0.069017 2.654584 0.291276
0.069625 2.344024 0.307079
0.070233 2.205842 0.323580
0.070841 2.007086 0.278560
0.071449 2.174887 0.282685
0.072057 2.671287 0.284979
0.072665 2.463060 0.280933
0.073273 2.641481 0.271109
0.073881 2.091365 0.243497
0.074490 2.560284 0.279269
0.075098 2.415209 0.261565
0.075706 2.815189 0.253908
0.076314 2.636258 0.266560
0.076922 2.684933 0.278811
0.077530 2.890788 0.270961
0.078138 1.856229 0.279757
0.078746 2.777806 0.260391
0.079354 2.005123 0.292170
0.079962 1.331686 0.283424
0.080570 1.475300 0.278190
0.081178 1.727970 0.257145
0.081786 1.714079 0.267017
0.082394 1.609693 0.255623
0.083002 2.202091 0.249337
0.083611 1.794769 0.254864
0.084219 2.188775 0.241295
0.084827 1.551576 0.236821
0.085435 2.178499 0.233914
0.086043 1.631833 0.233070
0.086651 1.486092 0.221377
0.087259 1.389055 0.253410
0.087867 1.370158 0.235470
0.088475 0.911431 0.247999
0.089083 1.251327 0.235676
0.089691 1.258464 0.248313
0.090299 1.357850 0.263653
0.090907 1.411530 0.250482
0.091515 1.312129 0.232077
0.092123 1.424944 0.244350
0.092732 1.055528 0.266349
0.093340 1.145990 0.236604
0.093948 1.070672 0.262288
0.094556 1.279894 0.237165
0.095164 0.683301 0.237024
0.095772 1.468140 0.241884
0.096380 1.183458 0.239885
0.096988 0.659288 0.247439
0.097596 0.421424 0.253067
0.098204 0.986281 0.244038
0.098812 0.464384 0.264083
0.099420 0.999368 0.231605
0.100028 1.034960 0.227412
0.100636 1.138893 0.229991
0.101244 1.315128 0.223183
0.101852 0.795857 0.207478
0.102461 0.926748 0.210901
0.103069 0.626875 0.255818
0.103677 0.821293 0.224624
0.104285 0.780891 0.232858
0.104893 0.799598 0.226081
0.105501 0.790077 0.235150
0.106109 0.770861 0.209909
0.106717 0.286572 0.225035
0.107325 1.063120 0.210977
0.107933 0.226324 0.199722
0.108541 1.163775 0.248125
0.109149 0.074452 0.207399
0.109757 0.746930 0.210527
0.110365 0.519374 0.225959
0.110973 0.647177 0.216996
0.111581 0.654641 0.207021
0.112189 0.479664 0.214213
0.112798 0.826473 0.228087
0.113406 0.298619 0.230352
0.114014 0.426816 0.206146
0.114622 0.399656 0.221395
0.115230 0.518794 0.215618
0.115838 0.582751 0.204319
0.116446 0.608700 0.189062
0.117054 0.466228 0.195229
0.117662 0.699024 0.193159
0.118270 0.505729 0.197596
0.118878 0.574404 0.212611
0.119486 0.646061 0.224410
0.120094 0.381323 0.221349
0.120702 0.190445 0.200198
0.121310 0.418757 0.202134
0.121918 0.466618 0.213310
0.122526 0.184815 0.208583
0.123134 0.109880 0.202932
0.123742 0.283822 0.193288
0.124351 0.402333 0.200284
0.124959 0.457405 0.211546
0.125567 0.143323 0.192345
0.126175 0.346339 0.195947
0.127391 0.160670 0.202923
0.128607 0.277713 0.196536
0.133471 0.446196 0.188559
0.134079 0.257527 0.197143
0.134687 0.717287 0.202037
0.135295 0.118569 0.181599
0.135903 0.548593 0.209548
0.136511 0.097927 0.308875
0.137119 0.163096 0.205185
0.137728 0.036262 0.229520
0.139552 0.259240 0.179488
0.140768 0.361702 0.286804
0.141376 0.051840 0.594021
0.142592 0.084262 0.189953
0.145632 0.042246 0.194689
0.146240 0.072797 0.186682
0.146848 0.322234 0.181510
0.147456 0.291079 0.190723
0.148064 0.146858 0.182189
0.149280 0.210591 0.188115
0.149888 0.230833 0.179652
0.151104 0.077339 0.177003
0.151712 0.097742 0.217289
0.152320 0.192132 0.177643
0.152928 0.090798 0.191663
0.153537 0.231679 0.179460
0.154753 0.091956 0.173385
0.155361 0.256004 0.179688
0.156577 0.218154 0.191843
0.158401 0.299980 0.180331
0.159617 0.096779 0.167277
0.160833 0.115126 0.166301
0.161441 0.111130 0.170666
0.162657 0.039051 0.168015
0.163265 0.003564 0.191363
0.165697 0.049628 0.169781
0.167521 0.145074 0.180373
0.168129 0.333640 0.171310
0.168737 0.271079 0.285283
0.169345 0.625744 0.174598
0.169953 0.176275 0.186027
0.170561 0.306800 0.180067
0.171169 0.023960 0.157989
0.171777 0.043571 0.166364
0.172993 0.135029 0.162407
0.173601 0.126024 0.173426
0.174209 0.169418 0.165718
0.175425 0.015059 0.161438
0.176033 0.105340 0.156203
0.181506 0.163977 0.666761
0.182114 0.058894 0.154336
0.182722 0.104855 0.162795
0.183330 0.010575 0.179022
0.185154 0.046428 0.323960
0.185762 0.029431 0.162871
0.186370 0.182325 0.250543
0.187586 0.102368 0.167539
0.188194 0.226345 0.161332
0.189410 0.250044 0.150167
0.190018 0.268485 0.161863
0.190626 0.293395 0.162823
0.191234 0.321479 0.156660
0.191842 0.549317 0.164518
0.192450 0.344971 0.164846
0.193058 0.345981 0.167877
0.193666 0.192292 0.163084
0.194274 0.045338 0.155762
0.197922 0.032106 0.156813
0.198530 0.058708 0.147608
0.199138 0.015674 0.158594
0.199746 0.258306 0.151943
0.200354 0.296938 0.155509
0.200962 0.182412 0.143566
0.201570 0.302942 0.145141
0.202786 0.241717 0.144577
0.204002 0.230614 0.150945
0.205218 0.205874 0.153262
0.206434 0.174061 0.149409
0.207042 0.052864 0.151330
0.207650 0.331744 0.149576
0.208258 0.386655 0.151461
0.208866 0.238783 0.145194
0.209474 0.059392 0.152100
0.210082 0.108016 0.145714
0.212514 0.137099 0.145499
0.213730 0.098678 0.150139
0.214338 0.082961 0.137137
0.214946 0.306535 0.151751
0.215554 0.321154 0.140316
0.216162 0.182902 0.143704
0.216770 0.439104 0.138919
0.217378 0.242671 0.140178
0.217986 0.366611 0.148655
0.218594 0.454650 0.146308
0.219202 0.420550 0.148003
0.219810 0.151986 0.149412
0.220418 0.445536 0.162891
0.221025 0.123921 0.154950
0.224673 0.080701 0.148544
0.227105 0.041497 0.138692
0.228321 0.488897 0.143853
0.228929 0.163156 0.143388
0.229537 0.129851 0.140629
0.230145 0.351258 0.139568
0.230753 0.320392 0.142406
0.231361 0.195758 0.142867
0.231969 0.166836 0.133727
0.233185 0.211673 0.137996
0.234401 0.048908 0.147065
0.237441 0.154073 0.134684
0.238657 0.073218 0.130762
0.239873 0.071327 0.128200
0.240481 0.197503 0.132416
0.241089 0.296315 0.140774
0.241697 0.377209 0.130889
0.242304 0.202745 0.132806
0.243520 0.186560 0.135005
0.244128 0.148202 0.126667
0.244736 0.113685 0.137617
0.246560 0.126161 0.131332
0.247168 0.190808 0.131946
0.247776 0.236424 0.126175
0.248384 0.132334 0.138432
0.248992 0.115558 0.128929
0.249600 0.061767 0.132084
0.250208 0.099147 0.133122
0.250816 0.152682 0.128414
0.251424 0.277462 0.132360
0.252640 0.107635 0.143879
0.253856 0.001538 0.139679
0.254464 0.092992 0.130256
0.255072 0.119916 0.127933
0.255679 0.030857 0.128470
0.256287 0.195621 0.124948
0.257503 0.234829 0.128560
0.258111 0.147967 0.127972
0.258719 0.115310 0.134028
0.259935 0.219727 0.135038
0.260543 0.162515 0.144705
0.261151 0.100367 0.119396
0.261759 0.250414 0.127054
0.262367 0.040449 0.124176
0.262975 0.009526 0.124808
0.263583 0.151206 0.130512
0.264191 0.215239 0.133918
0.266014 0.037709 0.127491
0.267838 0.227029 0.125976
0.269054 0.007949 0.126043
0.269662 0.032435 0.132432
0.270270 0.240484 0.123020
0.270878 0.202232 0.161167
0.271486 0.280346 0.126875
0.272094 0.059008 0.127166
0.272702 0.204104 0.127287
0.273918 0.070524 0.124359
0.274526 0.139836 0.122144
0.275133 0.149374 0.124516
0.275741 0.180346 0.123799
0.276349 0.178784 0.127658
0.276957 0.132651 0.114730
0.277565 0.265569 0.125349
0.278173 0.030800 0.122905
0.278781 0.176297 0.120683
0.280605 0.184001 0.118445
0.281821 0.039183 0.118077
0.282429 0.327176 0.119481
0.283644 0.233392 0.109450
0.284252 0.160965 0.115073
0.284860 0.122730 0.112682
0.286076 0.283259 0.116413
0.286684 0.283153 0.121913
0.287292 0.228734 0.115458
0.287900 0.321290 0.124630
0.288508 0.125765 0.120154
0.289116 0.349928 0.122022
0.289723 0.282920 0.116698
0.290331 0.241408 0.117674
0.290939 0.200868 0.118621
0.291547 0.195482 0.116083
0.292763 0.112409 0.113346
0.293371 0.155139 0.119650
0.293979 0.231779 0.158386
0.294587 0.157074 0.115984
0.295195 0.276480 0.114971
0.295803 0.210648 0.117890
0.296410 0.022449 0.109704
0.297018 0.162427 0.110524
0.297626 0.040977 0.112019
0.298234 0.052536 0.110835
0.299450 0.237106 0.110182
0.300058 0.135037 0.104787
0.300666 0.084546 0.111170
0.301274 0.438027 0.108126
0.301881 0.000918 0.104484
0.302489 0.347880 0.110998
0.303097 0.158118 0.109446
0.303705 0.346579 0.109086
0.304313 0.203494 0.107994
0.304921 0.337105 0.107327
0.305529 0.206163 0.100041
0.306137 0.143524 0.112171
0.306745 0.291116 0.106847
0.307353 0.252799 0.110766
0.307960 0.090707 0.355742
0.308568 0.187821 0.109899
0.309176 0.116783 0.304672
0.310392 0.131417 0.099829
0.311608 0.085324 0.100003
0.312216 0.068443 0.107794
0.314039 0.100313 0.104175
0.314647 0.018414 0.106268
0.315255 0.075370 0.104724
0.315863 0.228676 0.108242
0.316471 0.332404 0.121927
0.317079 0.128607 0.129842
0.317686 0.243548 0.130256
0.318294 0.087060 0.132874
0.318902 0.088005 0.150339
0.319510 0.216881 0.150937
0.320726 0.238135 0.178027
0.321942 0.097217 0.235915
0.322549 0.253084 0.694678
