0.010641 3.001166 0.297518
0.011250 0.485649 0.942197
0.011858 0.623039 1.616676
0.012466 0.615111 0.478722
0.013074 0.118575 0.847576
0.013682 3.560994 0.750171
0.014290 1.092058 0.821110
0.014898 2.057940 0.412648
0.015506 2.136356 0.376759
0.016114 2.931120 0.504048
0.016722 2.035615 0.350275
0.017330 1.480385 0.353522
0.017938 1.336794 0.383410
0.018546 2.099660 0.310389
0.019155 2.124600 0.240877
0.019763 3.138899 0.298766
0.020371 3.228290 0.251704
0.020979 2.979194 0.318419
0.021587 3.215183 0.193390
0.022195 2.961616 0.251893
0.022803 3.108291 0.171642
0.023411 2.969710 0.177030
0.024019 2.906366 0.197917
0.024627 2.724578 0.168984
0.025235 2.500888 0.151318
0.025843 2.833400 0.152416
0.026452 2.625041 0.230400
0.027060 2.416401 0.180080
0.027668 2.389973 0.166761
0.028276 2.538634 0.156706
0.028884 2.211005 0.138290
0.029492 2.560356 0.125169
0.030100 2.263771 0.141725
0.030708 2.660217 0.151202
0.031316 2.687725 0.126070
0.031924 2.584365 0.138215
0.032532 2.369547 0.147226
0.033140 2.245483 0.119803
0.033748 2.368553 0.139003
0.034357 2.348710 0.111368
0.034965 2.263968 0.140414
0.035573 2.602528 0.121468
0.036181 2.495679 0.135745
0.036789 2.440787 0.105245
0.037397 2.557224 0.135490
0.038005 2.300929 0.102234
0.038613 2.462142 0.101484
0.039221 2.077078 0.137049
0.039829 2.399566 0.115291
0.040437 2.432181 0.119967
0.041045 2.307488 0.096878
0.041654 2.041908 0.125487
0.042262 2.125666 0.103326
0.042870 2.049597 0.128286
0.043478 2.164264 0.102716
0.044086 2.136834 0.103675
0.044694 2.210399 0.114581
0.045302 2.311973 0.109967
0.045910 2.369432 0.102821
0.046518 2.163416 0.107425
0.047126 2.151609 0.109012
0.047734 2.131948 0.100848
0.048342 2.020482 0.089239
0.048950 2.063973 0.091473
0.049559 1.923977 0.108792
0.050167 1.890372 0.089813
0.050775 1.854855 0.095117
0.051383 1.779128 0.084759
0.051991 1.734230 0.092662
0.052599 1.718068 0.088803
0.053207 1.853099 0.099786
0.053815 1.934805 0.086202
0.054423 1.766572 0.088178
0.055031 1.689107 0.084032
0.055639 1.671965 0.087920
0.056247 1.606409 0.092517
0.056855 1.657024 0.093710
0.057463 1.457247 0.093022
0.058072 1.569423 0.083940
0.058680 1.696223 0.096798
0.059288 1.482286 0.085543
0.059896 1.476283 0.084352
0.060504 1.555500 0.074591
0.061112 1.426490 0.089743
0.061720 1.425606 0.076714
0.062328 1.371647 0.086113
0.062936 1.404224 0.085736
0.063544 1.267927 0.086926
0.064152 1.342889 0.094301
0.064760 1.422763 0.080177
0.065368 1.090439 0.079871
0.065977 1.192079 0.083093
0.066585 1.172916 0.079151
0.067193 1.302650 0.079821
0.067801 1.158929 0.082727
0.068409 1.164274 0.084421
0.069017 1.153954 0.083687
0.069625 0.993707 0.073552
0.070233 1.234944 0.083380
0.070841 1.162733 0.068037
0.071449 1.074308 0.075111
0.072057 1.169251 0.074613
0.072665 1.046369 0.077481
0.073273 1.228535 0.082699
0.073881 1.007384 0.077356
0.074490 1.009913 0.068988
0.075098 0.968706 0.067582
0.075706 0.883902 0.080819
0.076314 0.843094 0.073375
0.076922 0.755621 0.074906
0.077530 0.808263 0.066775
0.078138 0.641307 0.076467
0.078746 0.827113 0.067631
0.079354 0.677215 0.077220
0.079962 0.794814 0.094742
0.080570 0.803688 0.085296
0.081178 0.808485 0.067528
0.081786 0.725607 0.066996
0.082394 0.734833 0.062744
0.083002 0.775887 0.067837
0.083611 0.657616 0.060844
0.084219 0.555190 0.063819
0.084827 0.590366 0.063913
0.085435 0.551127 0.066159
0.086043 0.594918 0.066455
0.086651 0.465716 0.076432
0.087259 0.588099 0.065117
0.087867 0.454153 0.066487
0.088475 0.459763 0.068941
0.089083 0.496635 0.069373
0.089691 0.510971 0.067303
0.090299 0.509029 0.060467
0.090907 0.561627 0.066261
0.091515 0.491235 0.069161
0.092123 0.364983 0.084504
0.092732 0.539892 0.068912
0.093340 0.411679 0.112346
0.093948 0.545923 0.060416
0.094556 0.434752 0.067042
0.095164 0.430324 0.065192
0.095772 0.456820 0.067072
0.096380 0.398340 0.063605
0.096988 0.347427 0.058431
0.097596 0.333965 0.064729
0.098204 0.409955 0.061555
0.098812 0.197393 0.062960
0.099420 0.346189 0.061570
0.100028 0.331434 0.058254
0.100636 0.240195 0.063002
0.101244 0.349372 0.050696
0.101852 0.240075 0.063510
0.102461 0.242730 0.062346
0.103069 0.264314 0.054604
0.103677 0.156901 0.061169
0.104285 0.186438 0.060445
0.104893 0.197205 0.056030
0.105501 0.245740 0.062162
0.106109 0.102813 0.062502
0.106717 0.185543 0.058052
0.107325 0.206711 0.061453
0.107933 0.161387 0.060128
0.108541 0.311461 0.053849
0.109149 0.163961 0.052854
0.109757 0.145088 0.057626
0.110365 0.090902 0.058315
0.110973 0.075226 0.057524
0.111581 0.057060 0.054130
0.112189 0.044168 0.059059
0.112798 0.092761 0.051389
0.113406 0.053637 0.051859
0.114014 0.118041 0.051364
0.114622 0.041987 0.051853
0.115230 0.127596 0.053712
0.115838 0.056464 0.056964
0.116446 0.036485 0.055598
0.117662 0.048470 0.053478
0.118270 0.079127 0.052564
0.118878 0.099454 0.049380
0.120094 0.046604 0.055144
0.120702 0.003847 0.058540
0.121310 0.044995 0.055409
0.121918 0.009114 0.054775
0.122526 0.024289 0.052286
0.123742 0.021747 0.045600
0.124351 0.016182 0.055949
0.124959 0.059264 0.051475
0.125567 0.058240 0.051685
0.128607 0.070748 0.050047
0.129823 0.055746 0.049418
0.131647 0.008746 0.052359
0.132255 0.031705 0.050756
0.132863 0.151790 0.054370
0.133471 0.009819 0.047487
0.134079 0.075430 0.048516
0.137728 0.014756 0.050837
0.138336 0.024454 0.051837
0.146848 0.022014 0.050369
0.177858 0.032538 0.044957
0.216162 0.008241 0.040979
0.227713 0.019455 0.038611
0.243520 0.001941 0.036550
0.247168 0.007637 0.036769
0.274526 0.043873 0.031910
0.276957 0.048439 0.033434
0.277565 0.026028 0.032440
0.288508 0.020612 0.031702
0.289723 0.002474 0.030977
0.290939 0.015591 0.030779
0.320118 0.026216 0.047048
