0.011250 1.172226 1.780408
0.011858 5.352927 2.878270
0.012466 1.901013 1.034186
0.013074 3.442352 0.835329
0.013682 2.740025 0.883159
0.014290 2.044291 0.911329
0.014898 2.699841 0.827503
0.015506 1.672550 1.042856
0.016114 0.792748 0.689375
0.016722 2.232477 0.863903
0.017330 0.996787 0.703088
0.017938 1.577492 0.667104
0.018546 1.923022 0.487570
0.019155 3.145331 0.592636
0.019763 2.285040 0.699290
0.020371 2.492369 0.528255
0.020979 1.780434 0.507521
0.021587 2.493470 0.352957
0.022195 2.822821 0.469325
0.022803 2.472842 0.334704
0.023411 2.863001 0.369213
0.024019 2.971862 0.371857
0.024627 2.465321 0.311317
0.025235 2.801043 0.370320
0.025843 2.912963 0.296216
0.026452 2.876332 0.332343
0.027060 2.436846 0.296503
0.027668 2.398952 0.247887
0.028276 2.318683 0.294247
0.028884 2.854283 0.313218
0.029492 2.569045 0.248652
0.030100 2.837901 0.269011
0.030708 2.824768 0.214484
0.031316 2.171461 0.260544
0.031924 2.171838 0.242513
0.032532 2.565508 0.280985
0.033140 1.890822 0.216954
0.033748 2.629004 0.190144
0.034357 2.180725 0.217103
0.034965 2.540118 0.231256
0.035573 2.747271 0.232682
0.036181 2.505775 0.273260
0.036789 3.033163 0.226899
0.037397 2.769169 0.258479
0.038005 2.174339 0.231073
0.038613 2.252941 0.242320
0.039221 2.393553 0.194405
0.039829 1.604067 0.230190
0.040437 2.325356 0.226823
0.041045 1.898467 0.209316
0.041654 2.093203 0.221553
0.042262 2.860961 0.205232
0.042870 2.396607 0.214082
0.043478 2.737382 0.218674
0.044086 2.624127 0.227866
0.044694 2.357176 0.219483
0.045302 2.380152 0.187380
0.045910 2.191565 0.209362
0.046518 2.142788 0.199980
0.047126 2.083835 0.195334
0.047734 2.250966 0.194810
0.048342 2.063827 0.199186
0.048950 2.003701 0.169981
0.049559 2.042277 0.181417
0.050167 2.038729 0.174495
0.050775 1.711635 0.184074
0.051383 1.769342 0.150707
0.051991 1.674689 0.167839
0.052599 1.469663 0.145181
0.053207 1.190790 0.165904
0.053815 1.824223 0.136566
0.054423 1.124454 0.148739
0.055031 1.401656 0.165290
0.055639 1.540588 0.168024
0.056247 1.475056 0.145639
0.056855 1.612517 0.156264
0.057463 1.397821 0.179926
0.058072 1.593091 0.167634
0.058680 1.471556 0.149045
0.059288 1.819158 0.161552
0.059896 1.657531 0.196228
0.060504 1.552342 0.158879
0.061112 1.674660 0.159026
0.061720 1.435556 0.154729
0.062328 1.562040 0.158296
0.062936 1.055622 0.148411
0.063544 1.409076 0.166257
0.064152 1.172842 0.154149
0.064760 1.119993 0.158403
0.065368 1.043293 0.146995
0.065977 0.917623 0.155497
0.066585 1.247171 0.156137
0.067193 0.923388 0.162956
0.067801 1.540791 0.143416
0.068409 1.118115 0.147586
0.069017 1.158225 0.154209
0.069625 1.014595 0.139834
0.070233 1.246083 0.173799
0.070841 0.870024 0.149289
0.071449 1.112565 0.142062
0.072057 1.049490 0.134639
0.072665 0.772097 0.150381
0.073273 0.855774 0.132215
0.073881 0.674403 0.123826
0.074490 0.765960 0.137209
0.075098 1.056229 0.122207
0.075706 0.895962 0.130368
0.076314 1.040372 0.127076
0.076922 0.922629 0.139202
0.077530 0.785176 0.139071
0.078138 0.980573 0.134757
0.078746 0.692324 0.146700
0.079354 0.763367 0.126432
0.079962 0.960565 0.145523
0.080570 0.599223 0.138105
0.081178 0.406967 0.122140
0.081786 0.863990 0.134665
0.082394 0.564897 0.169781
0.083002 0.708013 0.134705
0.083611 0.618377 0.272645
0.084219 0.535329 0.166330
0.084827 0.543871 0.129140
0.085435 0.418420 0.107578
0.086043 0.381748 0.131669
0.086651 0.593433 0.112304
0.087259 0.687493 0.113669
0.087867 0.610197 0.113542
0.088475 0.863562 0.106714
0.089083 0.430456 0.118087
0.089691 0.699819 0.109141
0.090299 0.500548 0.117940
0.090907 0.621290 0.122043
0.091515 0.553932 0.130614
0.092123 0.327128 0.129255
0.092732 0.431682 0.118700
0.093340 0.340219 0.115852
0.093948 0.390695 0.124912
0.094556 0.338561 0.124983
0.095164 0.483971 0.121655
0.095772 0.241564 0.121985
0.096380 0.373852 0.129975
0.096988 0.262399 0.112246
0.097596 0.287056 0.136367
0.098204 0.309610 0.116365
0.098812 0.192228 0.130843
0.099420 0.074811 0.198359
0.100636 0.236023 0.161185
0.101244 0.141934 0.126054
0.101852 0.174718 0.111166
0.102461 0.099814 0.103924
0.103069 0.324787 0.118420
0.103677 0.209043 0.102304
0.104285 0.016671 0.112011
0.104893 0.237647 0.104877
0.105501 0.273638 0.109679
0.106109 0.278877 0.093304
0.106717 0.258012 0.112250
0.107325 0.262519 0.103325
0.107933 0.150014 0.096281
0.108541 0.115519 0.102100
0.109149 0.272796 0.102397
0.109757 0.078986 0.114374
0.110365 0.075394 0.100917
0.110973 0.037679 0.100651
0.111581 0.184807 0.102233
0.112798 0.238722 0.099209
0.113406 0.120114 0.108643
0.114622 0.046657 0.103180
0.115838 0.118587 0.106352
0.116446 0.160789 0.100783
0.117054 0.096466 0.098587
0.117662 0.355420 0.110028
0.118270 0.123796 0.099203
0.118878 0.191715 0.094968
0.119486 0.210360 0.101412
0.120094 0.137460 0.089934
0.120702 0.253613 0.093319
0.121918 0.029959 0.094283
0.122526 0.088424 0.103513
0.125567 0.031818 0.093872
0.126175 0.045323 0.094517
0.128607 0.154706 0.085130
0.129215 0.061492 0.094007
0.129823 0.132470 0.091744
0.130431 0.045058 0.091725
0.133471 0.133924 0.095702
0.134687 0.002831 0.095559
0.135295 0.073033 0.099426
0.151104 0.058063 0.095235
0.151712 0.039325 0.084613
0.166305 0.026760 0.096285
0.167521 0.094704 0.080785
0.185762 0.126336 0.078231
0.186370 0.082671 0.079072
0.191234 0.019828 0.079991
0.192450 0.002672 0.077135
0.193666 0.014895 0.073184
0.203394 0.032514 0.071712
0.223457 0.071688 0.070313
0.224673 0.035707 0.069969
0.227105 0.028777 0.071170
0.227713 0.065927 0.070029
0.228929 0.038086 0.065814
0.237441 0.001945 0.069045
0.238657 0.041831 0.063543
0.241089 0.046645 0.066514
0.255679 0.015872 0.066074
0.259935 0.045812 0.062601
0.262367 0.068893 0.062973
0.267838 0.001707 0.061529
0.273310 0.005729 0.062993
0.275133 0.049070 0.062270
0.275741 0.010224 0.059440
0.276957 0.019458 0.061807
0.278173 0.014360 0.110908
0.279389 0.003545 0.069293
0.279997 0.032142 0.064399
0.281213 0.015508 0.059656
0.284860 0.007030 0.059714
0.289116 0.008053 0.058319
0.293979 0.046597 0.054902
0.300666 0.019114 0.057894
0.320726 0.153673 0.087543
0.321334 0.029691 0.092029
