0.010641 96.556532 2.645797
0.011250 95.061239 4.016657
0.011858 101.670215 2.690121
0.012466 95.131595 2.595719
0.013074 95.026687 3.121151
0.013682 93.271969 2.184543
0.014290 91.132152 3.484772
0.014898 92.103272 1.625723
0.015506 93.480254 1.951985
0.016114 91.848553 1.900679
0.016722 92.935223 1.565732
0.017330 92.398789 1.811886
0.017938 90.004541 1.458253
0.018546 94.004610 1.425777
0.019155 90.458440 1.422430
0.019763 89.108719 1.363822
0.020371 89.715040 1.275402
0.020979 89.930324 1.439613
0.021587 87.787294 0.988650
0.022195 87.759031 0.941013
0.022803 87.861239 0.980182
0.023411 85.437802 0.950597
0.024019 86.658316 0.797903
0.024627 83.864320 0.917477
0.025235 81.936231 1.040136
0.025843 81.633321 0.779131
0.026452 80.926510 1.130105
0.027060 79.638143 0.799106
0.027668 78.742348 0.872143
0.028276 79.311245 0.912222
0.028884 76.733476 0.848472
0.029492 79.013382 0.720416
0.030100 76.722206 0.781966
0.030708 77.628504 0.540390
0.031316 76.135724 0.777646
0.031924 76.410621 0.615908
0.032532 74.851804 0.619403
0.033140 73.344444 0.565042
0.033748 72.870541 0.710712
0.034357 71.327597 0.629011
0.034965 71.176435 0.656028
0.035573 69.540268 0.734041
0.036181 67.965498 0.747438
0.036789 66.636239 0.674208
0.037397 67.860415 0.707134
0.038005 66.685718 0.581382
0.038613 66.005725 0.560000
0.039221 65.346061 0.748243
0.039829 64.064798 0.562785
0.040437 64.174700 0.683838
0.041045 62.510163 0.560132
0.041654 62.034326 0.701017
0.042262 60.246487 0.545916
0.042870 59.773989 0.625730
0.043478 58.831944 0.597215
0.044086 57.493347 0.554503
0.044694 57.679853 0.602057
0.045302 57.024587 0.563319
0.045910 55.545859 0.461089
0.046518 55.508618 0.463881
0.047126 54.685514 0.546620
0.047734 53.803354 1.023330
0.048342 52.529279 0.462501
0.048950 51.657447 0.751238
0.049559 51.349878 0.508270
0.050167 50.684997 0.448579
0.050775 50.919106 0.510142
0.051383 49.375211 0.401485
0.051991 49.135578 0.452756
0.052599 47.310291 0.426302
0.053207 47.495757 0.464216
0.053815 46.626238 0.428107
0.054423 46.360658 0.473039
0.055031 45.338071 0.795842
0.055639 44.350113 1.073563
0.056247 42.988837 2.515748
0.056855 42.588908 2.231968
0.057463 42.107630 1.368845
0.058072 41.247810 1.405896
0.058680 40.513923 0.407276
0.059288 39.398010 0.474120
0.059896 39.675003 0.419422
0.060504 38.712123 0.430576
0.061112 38.402034 0.467703
0.061720 37.410844 0.454733
0.062328 37.819528 0.415276
0.062936 36.295443 0.404345
0.063544 36.144007 0.381072
0.064152 34.394510 0.449282
0.064760 34.456646 0.420247
0.065368 34.003856 0.417585
0.065977 33.313724 0.380841
0.066585 33.120413 0.440338
0.067193 32.250042 0.405460
0.067801 31.783300 0.436017
0.068409 31.167087 0.336174
0.069017 30.190047 0.406029
0.069625 29.910373 0.358440
0.070233 29.092883 0.355226
0.070841 29.004430 0.296045
0.071449 28.229404 0.331343
0.072057 27.652100 0.333585
0.072665 27.016870 0.336629
0.073273 26.900901 0.337488
0.073881 26.671939 0.331319
0.074490 25.081854 0.351993
0.075098 25.305583 0.293393
0.075706 25.038049 0.338272
0.076314 24.286571 0.303805
0.076922 23.928275 0.296815
0.077530 23.392763 0.315429
0.078138 22.989732 0.340541
0.078746 22.369860 0.314506
0.079354 22.553280 0.292289
0.079962 21.809954 0.303107
0.080570 21.572325 0.309649
0.081178 20.579403 0.286041
0.081786 20.518242 0.316735
0.082394 19.938167 0.274485
0.083002 19.604590 0.287703
0.083611 19.214365 0.252022
0.084219 19.140671 0.270243
0.084827 18.459714 0.281242
0.085435 18.400606 0.271032
0.086043 17.456063 0.272140
0.086651 16.765123 0.298008
0.087259 16.720105 0.295053
0.087867 16.464141 0.272288
0.088475 15.872600 0.267921
0.089083 15.934235 0.240998
0.089691 15.542478 0.288058
0.090299 15.005215 0.290813
0.090907 14.646460 0.275613
0.091515 14.226351 0.275777
0.092123 14.097257 0.281543
0.092732 13.739717 0.258430
0.093340 13.785975 0.275279
0.093948 13.514280 0.276834
0.094556 12.928960 0.271781
0.095164 12.525093 0.252066
0.095772 12.673953 0.266248
0.096380 11.948224 0.285292
0.096988 11.738221 0.277522
0.097596 11.503411 0.285153
0.098204 11.554800 0.266907
0.098812 10.741773 0.250645
0.099420 10.622590 0.267815
0.100028 10.237941 0.270698
0.100636 10.622172 0.249115
0.101244 10.272168 0.251025
0.101852 10.201178 0.243390
0.102461 9.685528 0.261526
0.103069 9.367826 0.233915
0.103677 8.788348 0.231428
0.104285 8.577245 0.237017
0.104893 8.422577 0.250455
0.105501 8.523846 0.252872
0.106109 7.990541 0.227510
0.106717 8.219743 0.226049
0.107325 8.220176 0.230615
0.107933 7.783417 0.227989
0.108541 7.106004 0.238095
0.109149 6.838366 0.247327
0.109757 6.263258 0.227900
0.110365 6.834462 0.219749
0.110973 6.724172 0.227684
0.111581 6.441655 0.211464
0.112189 6.625908 0.226145
0.112798 5.940747 0.214104
0.113406 6.006085 0.243237
0.114014 6.016090 0.222740
0.114622 5.816624 0.240631
0.115230 5.019872 0.216501
0.115838 5.493972 0.227302
0.116446 4.925149 0.221160
0.117054 5.066175 0.206585
0.117662 4.893267 0.212183
0.118270 4.889403 0.225052
0.118878 4.459677 0.224591
0.119486 4.413567 0.215050
0.120094 4.291951 0.200319
0.120702 4.350886 0.213007
0.121310 3.884279 0.203098
0.121918 3.927582 0.198280
0.122526 3.507286 0.219810
0.123134 3.819033 0.195690
0.123742 3.743126 0.209100
0.124351 3.622722 0.212027
0.124959 3.771955 0.198021
0.125567 3.760512 0.195502
0.126175 3.408776 0.179345
0.126783 3.251914 0.206604
0.127391 3.182947 0.201702
0.127999 2.727268 0.194409
0.128607 3.176635 0.192490
0.129215 2.902617 0.207347
0.129823 2.766217 0.189669
0.130431 2.893506 0.189053
0.131039 2.532918 0.199307
0.131647 3.076830 0.192696
0.132255 2.248390 0.198321
0.132863 2.613952 0.202536
0.133471 2.358154 0.199255
0.134079 2.426013 0.254472
0.134687 2.298338 0.366543
0.135295 2.483659 0.219851
0.135903 2.232569 0.248283
0.136511 2.428994 0.197020
0.137119 2.209103 0.218328
0.137728 1.903194 0.238010
0.138336 1.959334 0.188533
0.138944 2.023660 0.195304
0.139552 2.066922 0.206910
0.140160 1.815035 0.195913
0.140768 1.996520 0.197658
0.141376 1.479306 0.184292
0.141984 1.993836 0.204796
0.142592 1.641911 0.192106
0.143200 1.552916 0.192771
0.143808 1.545008 0.203230
0.144416 1.306099 0.206231
0.145024 1.244447 0.189723
0.145632 1.436489 0.212606
0.146240 0.957840 0.254229
0.146848 1.259268 0.565311
0.147456 1.256557 0.218874
0.148064 0.977502 0.510501
0.148672 1.658342 0.181714
0.149280 1.683879 0.187844
0.149888 1.590615 0.179921
0.150496 1.498809 0.182887
0.151104 1.004664 0.185292
0.151712 1.420582 0.182103
0.152320 1.151670 0.187187
0.152928 1.585654 0.184969
0.153537 1.260322 0.175833
0.154145 1.257120 0.183780
0.154753 1.454831 0.174377
0.155361 1.402195 0.183666
0.155969 1.429467 0.161113
0.156577 1.179523 0.178431
0.157185 1.188072 0.171299
0.157793 1.273047 0.170367
0.158401 1.283112 0.169919
0.159009 1.093813 0.165887
0.159617 0.939183 0.165181
0.160225 1.278034 0.168809
0.160833 1.265747 0.170222
0.161441 1.126645 0.178908
0.162049 1.183569 0.172802
0.162657 1.201695 0.164799
0.163265 1.154398 0.165910
0.163873 1.054035 0.173744
0.164481 1.252012 0.185391
0.165089 0.662727 0.174055
0.165697 0.967230 0.176376
0.166305 0.934327 0.175010
0.166913 1.229842 0.169951
0.167521 0.976644 0.171994
0.168129 0.986378 0.167407
0.168737 1.112108 0.168218
0.169345 0.786448 0.164646
0.169953 1.040127 0.160851
0.170561 0.750698 0.160769
0.171169 0.723463 0.171582
0.171777 1.110435 0.177193
0.172385 0.872370 0.173508
0.172993 1.188383 0.171559
0.173601 1.042678 0.177352
0.174209 1.150206 0.163766
0.174817 1.162473 0.169321
0.175425 1.247080 0.167484
0.176033 1.239262 0.165491
0.176641 1.163242 0.169229
0.177250 1.033111 0.165043
0.177858 1.210782 0.166783
0.178466 1.207121 0.165280
0.179074 0.768917 0.168304
0.179682 1.061515 0.165397
0.180290 0.667799 0.174912
0.180898 0.840174 0.155205
0.181506 0.876110 0.174049
0.182114 0.602066 0.160713
0.182722 0.523118 0.211758
0.183330 0.829622 0.405399
0.183938 1.164462 0.169702
0.184546 1.183044 0.167843
0.185154 1.079039 0.171584
0.185762 0.943773 0.164954
0.186370 1.058305 0.164661
0.186978 0.758980 0.154763
0.187586 0.909321 0.162030
0.188194 0.940960 0.154156
0.188802 0.643069 0.162366
0.189410 0.695891 0.164493
0.190018 0.692487 0.157165
0.190626 0.737580 0.161928
0.191234 0.702059 0.153901
0.191842 0.852269 0.157078
0.192450 0.770553 0.166572
0.193058 0.952317 0.151461
0.193666 0.742701 0.149239
0.194274 1.004984 0.164702
0.194882 0.841142 0.149766
0.195490 1.018021 0.160846
0.196098 0.901501 0.160128
0.196706 0.890007 0.165530
0.197314 0.757387 0.158581
0.197922 0.852761 0.164286
0.198530 0.898595 0.155879
0.199138 1.018135 0.157346
0.199746 1.341384 0.159674
0.200354 1.195143 0.151490
0.200962 0.973179 0.160450
0.201570 1.269780 0.141786
0.202178 0.914280 0.156702
0.202786 0.826360 0.153682
0.203394 0.749759 0.153340
0.204002 0.684691 0.141619
0.204610 1.128905 0.157356
0.205218 0.821953 0.154770
0.205826 1.124873 0.148128
0.206434 0.838962 0.147838
0.207042 0.969134 0.156602
0.207650 0.921514 0.147884
0.208258 0.740610 0.149273
0.208866 0.596324 0.150504
0.209474 0.893565 0.149720
0.210082 0.563887 0.170718
0.210690 0.888173 0.146903
0.211298 0.682720 0.152898
0.211906 0.939092 0.147227
0.212514 0.622329 0.149690
0.213122 0.856029 0.154517
0.213730 0.782193 0.154860
0.214338 0.978394 0.156456
0.214946 1.079990 0.149844
0.215554 1.127790 0.145126
0.216162 0.896554 0.150965
0.216770 1.025951 0.151291
0.217378 0.968480 0.156614
0.217986 0.600345 0.151060
0.218594 0.464067 0.155377
0.219202 0.669173 0.162353
0.219810 0.911225 0.175882
0.220418 0.534369 0.158626
0.221025 0.511084 0.150459
0.221633 0.463437 0.139812
0.222241 0.576194 0.139925
0.222849 0.626486 0.148244
0.223457 0.938655 0.145127
0.224065 0.538449 0.141101
0.224673 0.591994 0.147079
0.225281 0.522188 0.138979
0.225889 0.845551 0.182243
0.226497 0.509794 0.159333
0.227105 0.700745 0.134776
0.227713 0.798650 0.156680
0.228321 0.666034 0.153948
0.228929 0.552357 0.135778
0.229537 0.593808 0.150280
0.230145 0.689404 0.138104
0.230753 0.416955 0.137732
0.231361 0.586281 0.158225
0.231969 0.675308 0.217445
0.232577 0.753740 0.280495
0.233185 0.722089 0.681294
0.233793 0.835868 0.350114
0.234401 0.359371 0.184455
0.235009 0.525032 0.281006
0.235617 0.696713 0.182195
0.236225 0.467396 0.134108
0.236833 0.764116 0.139135
0.237441 0.812351 0.144083
0.238049 0.449053 0.136914
0.238657 0.942477 0.133966
0.239265 0.782876 0.135559
0.239873 0.749330 0.138352
0.240481 0.719630 0.127275
0.241089 1.147008 0.394557
0.241697 0.758889 0.494390
0.242304 0.868871 0.362490
0.242912 0.545821 0.182086
0.243520 0.489523 0.168520
0.244128 0.646151 0.134052
0.244736 0.666797 0.136130
0.245344 0.885994 0.149280
0.245952 0.637234 0.136144
0.246560 0.887974 0.135822
0.247168 0.633746 0.137158
0.247776 0.649482 0.131421
0.248384 0.781135 0.129903
0.248992 0.789418 0.135609
0.249600 1.028705 0.130147
0.250208 0.825485 0.132079
0.250816 0.823914 0.132690
0.251424 0.890363 0.132586
0.252032 0.612506 0.134076
0.252640 0.650881 0.135891
0.253248 0.471416 0.128860
0.253856 0.558061 0.134689
0.254464 0.551767 0.127336
0.255072 0.442729 0.132399
0.255679 0.590074 0.129733
0.256287 0.418522 0.130285
0.256895 0.634107 0.126297
0.257503 0.455323 0.126683
0.258111 0.742501 0.139707
0.258719 0.456761 0.134152
0.259327 0.700293 0.134947
0.259935 0.535712 0.131350
0.260543 0.604347 0.134394
0.261151 0.610201 0.117076
0.261759 0.389128 0.126309
0.262367 0.535710 0.126212
0.262975 0.572738 0.125133
0.263583 0.715974 0.126305
0.264191 0.826298 0.130274
0.264799 0.660769 0.120234
0.265407 0.769094 0.121688
0.266014 0.489940 0.123735
0.266622 0.327625 0.135535
0.267230 0.458507 0.127535
0.267838 0.502731 0.131506
0.268446 0.603941 0.132660
0.269054 0.425314 0.128007
0.269662 0.696848 0.123439
0.270270 0.469623 0.125718
0.270878 0.356346 0.129175
0.271486 0.570574 0.120638
0.272094 0.645183 0.125163
0.272702 0.568133 0.122798
0.273310 0.635474 0.129951
0.273918 0.555155 0.121640
0.274526 0.663482 0.120745
0.275133 0.687026 0.122945
0.275741 0.442380 0.122606
0.276349 0.523045 0.129052
0.276957 0.429261 0.120378
0.277565 0.547475 0.122559
0.278173 0.471357 0.116076
0.278781 0.634392 0.113352
0.279389 0.563242 0.127416
0.279997 0.637479 0.117505
0.280605 0.662623 0.118340
0.281213 0.745149 0.117127
0.281821 0.650943 0.119997
0.282429 0.709241 0.118024
0.283036 0.581159 0.123518
0.283644 0.560385 0.116720
0.284252 0.469039 0.120932
0.284860 0.426779 0.118289
0.285468 0.490350 0.119567
0.286076 0.323285 0.122219
0.286684 0.308013 0.118782
0.287292 0.501335 0.119812
0.287900 0.499144 0.122524
0.288508 0.379076 0.117005
0.289116 0.659088 0.116932
0.289723 0.410492 0.111243
0.290331 0.513793 0.119426
0.290939 0.253079 0.118580
0.291547 0.465537 0.121770
0.292155 0.324978 0.121940
0.292763 0.517203 0.111917
0.293371 0.536585 0.109062
0.293979 0.535666 0.112406
0.294587 0.376957 0.114170
0.295195 0.715305 0.109436
0.295803 0.384570 0.123259
0.296410 0.404779 0.109354
0.297018 0.420774 0.127001
0.297626 0.562180 0.183728
0.298234 0.518565 0.115308
0.298842 0.610283 0.114732
0.299450 0.632155 0.117501
0.300058 0.517046 0.119364
0.300666 0.487681 0.115228
0.301274 0.498334 0.107672
0.301881 0.407201 0.111078
0.302489 0.480812 0.111428
0.303097 0.353756 0.105434
0.303705 0.460894 0.105634
0.304313 0.598477 0.110892
0.304921 0.483211 0.112560
0.305529 0.728749 0.104852
0.306137 0.661526 0.119582
0.306745 0.568392 0.103385
0.307353 0.519659 0.116805
0.307960 0.517011 0.105817
0.308568 0.412772 0.115436
0.309176 0.544744 0.111533
0.309784 0.362200 0.260368
0.310392 0.347354 0.115720
0.311000 0.329290 0.110889
0.311608 0.380872 0.110038
0.312216 0.489884 0.111116
0.312823 0.525316 0.106747
0.313431 0.615781 0.109309
0.314039 0.585235 0.104579
0.314647 0.616189 0.100990
0.315255 0.618117 0.107399
0.315863 0.706393 0.112140
0.316471 0.218310 0.131241
0.317079 0.500921 0.121972
0.317686 0.476177 0.130418
0.318294 0.668273 0.133755
0.318902 0.644133 0.187076
0.319510 0.546426 0.473466
0.320118 0.696855 0.166514
0.320726 0.529840 0.190196
0.321334 0.529821 0.202270
0.321942 0.077998 0.266508
0.322549 1.989280 0.586983
