0.010641 166.284957 1.380074
0.011250 163.909564 1.613849
0.011858 165.742553 2.096838
0.012466 164.484914 0.795738
0.013074 162.604149 1.139904
0.013682 161.909672 0.732952
0.014290 161.372319 3.455586
0.014898 161.083198 0.628102
0.015506 161.468253 0.781029
0.016114 159.830936 0.841420
0.016722 159.653393 0.805330
0.017330 156.711642 0.820032
0.017938 156.720664 0.892126
0.018546 155.584811 0.602897
0.019155 154.181245 0.927407
0.019763 154.412067 0.890612
0.020371 152.157811 0.723026
0.020979 151.096027 0.982660
0.021587 149.923240 0.741734
0.022195 148.692466 0.840653
0.022803 147.046262 0.833763
0.023411 146.516455 0.805451
0.024019 144.392249 0.855823
0.024627 143.028820 0.760623
0.025235 141.858014 0.894406
0.025843 140.372453 0.595684
0.026452 139.133894 0.756824
0.027060 138.451447 0.640619
0.027668 135.849188 0.643531
0.028276 135.431051 0.684361
0.028884 133.269106 0.758896
0.029492 132.384808 0.683859
0.030100 130.204299 0.804467
0.030708 129.640871 0.626051
0.031316 127.264096 0.705825
0.031924 126.190912 0.630414
0.032532 124.713195 0.759339
0.033140 121.253778 0.622194
0.033748 121.625994 0.704389
0.034357 118.978196 0.669476
0.034965 118.326947 0.591116
0.035573 116.431259 0.675769
0.036181 115.384370 0.611705
0.036789 113.196495 0.633740
0.037397 112.596573 0.619607
0.038005 110.990563 0.660045
0.038613 109.442338 0.577961
0.039221 107.835650 0.699934
0.039829 106.500860 0.598209
0.040437 105.190010 0.598284
0.041045 103.384217 0.571400
0.041654 103.140280 0.562788
0.042262 100.463891 0.554869
0.042870 100.142731 0.567259
0.043478 98.187219 0.547621
0.044086 96.725096 0.545074
0.044694 95.158234 0.594795
0.045302 94.393459 0.526214
0.045910 91.934472 0.577907
0.046518 91.116160 0.551987
0.047126 89.722702 0.556059
0.047734 88.075206 0.506105
0.048342 87.092380 0.536031
0.048950 85.531302 0.448902
0.049559 84.417900 0.524340
0.050167 82.933029 0.472459
0.050775 82.531075 0.480346
0.051383 79.904608 0.462367
0.051991 79.761256 0.464403
0.052599 77.270421 0.433977
0.053207 76.917859 0.456039
0.053815 75.001527 0.432093
0.054423 73.937280 0.414377
0.055031 72.637713 0.419714
0.055639 71.706925 0.401271
0.056247 69.933766 0.389972
0.056855 69.211865 0.398993
0.057463 67.987899 0.412533
0.058072 66.587696 0.364633
0.058680 66.129982 0.413133
0.059288 64.478031 0.359504
0.059896 64.055677 0.384757
0.060504 62.003030 0.372757
0.061112 62.025455 0.370423
0.061720 59.477911 0.362005
0.062328 59.436631 0.349418
0.062936 57.734078 0.354370
0.063544 57.204759 0.323869
0.064152 55.791977 0.370483
0.064760 55.504565 0.338850
0.065368 53.791187 0.340527
0.065977 53.310218 0.316744
0.066585 52.412513 0.324984
0.067193 51.079338 0.277949
0.067801 50.568414 0.324859
0.068409 49.601765 0.282874
0.069017 48.472036 0.310502
0.069625 47.528437 0.294741
0.070233 46.798850 0.292774
0.070841 45.465249 0.281478
0.071449 45.141652 0.274731
0.072057 43.951770 0.282796
0.072665 43.290303 0.261963
0.073273 42.477686 0.252627
0.073881 41.924814 0.254236
0.074490 40.418017 0.236474
0.075098 40.181043 0.243259
0.075706 39.245444 0.246331
0.076314 38.361639 0.232221
0.076922 37.869286 0.234443
0.077530 36.779803 0.219056
0.078138 36.372337 0.235104
0.078746 35.441784 0.224953
0.079354 35.016559 0.213836
0.079962 33.890868 0.230988
0.080570 33.870599 0.210115
0.081178 32.659754 0.220728
0.081786 32.120331 0.212922
0.082394 31.613038 0.203819
0.083002 31.069678 0.196973
0.083611 30.150790 0.197711
0.084219 29.730903 0.192692
0.084827 28.908354 0.196315
0.085435 28.351698 0.187956
0.086043 27.826187 0.184234
0.086651 27.287244 0.183095
0.087259 26.676606 0.186071
0.087867 25.965629 0.169389
0.088475 25.352625 0.177251
0.089083 24.715494 0.168041
0.089691 24.229498 0.160527
0.090299 23.451064 0.156389
0.090907 23.123578 0.141525
0.091515 22.592240 0.149153
0.092123 22.092057 0.132016
0.092732 21.575189 0.154728
0.093340 21.292538 0.131711
0.093948 20.700199 0.172098
0.094556 20.145983 0.191684
0.095164 19.892037 0.142646
0.095772 19.118407 0.178698
0.096380 18.854305 0.135924
0.096988 18.316110 0.133935
0.097596 17.915156 0.141337
0.098204 17.390840 0.145991
0.098812 17.071863 0.128598
0.099420 16.458599 0.131538
0.100028 16.236463 0.124204
0.100636 15.836969 0.124011
0.101244 15.219321 0.115035
0.101852 15.139092 0.122763
0.102461 14.668468 0.117938
0.103069 14.397073 0.119562
0.103677 13.881105 0.115518
0.104285 13.679678 0.113956
0.104893 13.191237 0.106947
0.105501 13.015872 0.109972
0.106109 12.531875 0.100939
0.106717 12.304012 0.103640
0.107325 12.008915 0.103250
0.107933 11.789207 0.099158
0.108541 11.368014 0.102313
0.109149 11.128495 0.097811
0.109757 10.613564 0.096419
0.110365 10.493418 0.087926
0.110973 10.164632 0.096576
0.111581 9.803079 0.101740
0.112189 9.613720 0.098281
0.112798 9.405806 0.114561
0.113406 9.044910 0.093971
0.114014 8.633944 0.089113
0.114622 8.633868 0.087366
0.115230 8.275256 0.078699
0.115838 8.159963 0.080890
0.116446 7.948155 0.075701
0.117054 7.656325 0.071123
0.117662 7.516936 0.081062
0.118270 7.219073 0.078306
0.118878 7.047166 0.078982
0.119486 6.836348 0.075878
0.120094 6.677025 0.073197
0.120702 6.431364 0.065724
0.121310 6.270328 0.070548
0.121918 6.140432 0.072915
0.122526 5.894040 0.065577
0.123134 5.741434 0.069733
0.123742 5.657167 0.067296
0.124351 5.242641 0.066749
0.124959 5.255720 0.069280
0.125567 5.070496 0.070111
0.126175 4.975651 0.068049
0.126783 4.797388 0.073935
0.127391 4.719488 0.061493
0.127999 4.474094 0.065078
0.128607 4.368602 0.061893
0.129215 4.157060 0.066604
0.129823 4.016720 0.064599
0.130431 4.026717 0.066739
0.131039 3.979467 0.065168
0.131647 3.826199 0.064436
0.132255 3.727771 0.060226
0.132863 3.618153 0.061676
0.133471 3.365360 0.060869
0.134079 3.431091 0.063511
0.134687 3.254197 0.067765
0.135295 3.283293 0.059250
0.135903 3.138160 0.059840
0.136511 3.096467 0.057018
0.137119 2.873436 0.061774
0.137728 2.826319 0.055222
0.138336 2.615086 0.059127
0.138944 2.647754 0.061403
0.139552 2.574020 0.058593
0.140160 2.358940 0.060260
0.140768 2.418280 0.058741
0.141376 2.294165 0.062797
0.141984 2.247838 0.058145
0.142592 2.066474 0.058474
0.143200 2.262145 0.057940
0.143808 2.138839 0.059003
0.144416 2.139714 0.062567
0.145024 2.092862 0.055059
0.145632 2.063839 0.058283
0.146240 2.005618 0.053084
0.146848 1.878729 0.055893
0.147456 1.841649 0.057409
0.148064 1.634011 0.050757
0.148672 1.734671 0.056115
0.149280 1.680545 0.055408
0.149888 1.617137 0.055314
0.150496 1.474876 0.053375
0.151104 1.536745 0.073225
0.151712 1.453679 0.057043
0.152320 1.418827 0.085558
0.152928 1.326766 0.053147
0.153537 1.482336 0.064574
0.154145 1.435024 0.055443
0.154753 1.471197 0.058923
0.155361 1.483383 0.050149
0.155969 1.396437 0.050202
0.156577 1.329341 0.051908
0.157185 1.373172 0.052281
0.157793 1.328304 0.047452
0.158401 1.379024 0.047554
0.159009 1.305573 0.050775
0.159617 1.272671 0.045962
0.160225 1.258795 0.050658
0.160833 1.161298 0.047993
0.161441 1.254510 0.049263
0.162049 1.105587 0.048328
0.162657 1.146930 0.043454
0.163265 1.087622 0.049766
0.163873 1.036113 0.053518
0.164481 1.059331 0.051156
0.165089 1.052768 0.048164
0.165697 1.123238 0.049300
0.166305 1.078397 0.049248
0.166913 1.159735 0.047576
0.167521 1.122544 0.050601
0.168129 1.108964 0.048169
0.168737 1.069011 0.048827
0.169345 1.048030 0.048351
0.169953 1.072148 0.047996
0.170561 1.043877 0.047271
0.171169 1.107013 0.047288
0.171777 1.071532 0.048826
0.172385 1.098451 0.046253
0.172993 1.059112 0.048941
0.173601 1.038941 0.048587
0.174209 1.057807 0.047076
0.174817 1.003990 0.050529
0.175425 0.981136 0.048854
0.176033 1.049155 0.048879
0.176641 0.968290 0.045907
0.177250 0.929840 0.049658
0.177858 1.026098 0.046987
0.178466 0.947366 0.048055
0.179074 0.981390 0.046710
0.179682 1.008335 0.049995
0.180290 0.983648 0.052486
0.180898 0.887364 0.049099
0.181506 1.068816 0.049029
0.182114 0.975995 0.045875
0.182722 0.939343 0.046352
0.183330 0.930049 0.048615
0.183938 0.963782 0.047428
0.184546 0.982618 0.045667
0.185154 1.009962 0.048949
0.185762 1.009165 0.042290
0.186370 1.005216 0.049712
0.186978 0.893698 0.045789
0.187586 0.928308 0.047059
0.188194 0.923116 0.045062
0.188802 0.975182 0.049684
0.189410 0.947288 0.046817
0.190018 0.952327 0.044704
0.190626 0.930437 0.045542
0.191234 0.928173 0.044436
0.191842 0.942005 0.047778
0.192450 0.978592 0.046449
0.193058 0.989322 0.049739
0.193666 0.880979 0.044310
0.194274 0.889368 0.044219
0.194882 0.843065 0.043546
0.195490 0.908975 0.044701
0.196098 0.940765 0.045312
0.196706 0.913290 0.047940
0.197314 0.890695 0.042532
0.197922 0.822586 0.043853
0.198530 0.875527 0.046154
0.199138 0.869899 0.045898
0.199746 0.911258 0.043930
0.200354 0.932264 0.044950
0.200962 0.901316 0.041171
0.201570 0.911089 0.043514
0.202178 0.859053 0.040656
0.202786 0.841475 0.043677
0.203394 0.877482 0.043667
0.204002 0.819185 0.040051
0.204610 0.877316 0.043259
0.205218 0.797398 0.041231
0.205826 0.854867 0.042897
0.206434 0.843773 0.041674
0.207042 0.817429 0.042469
0.207650 0.865352 0.040749
0.208258 0.786584 0.044780
0.208866 0.846746 0.041806
0.209474 0.792872 0.042073
0.210082 0.834957 0.041693
0.210690 0.798704 0.043412
0.211298 0.845800 0.042187
0.211906 0.870582 0.044208
0.212514 0.831716 0.044083
0.213122 0.842073 0.042113
0.213730 0.886426 0.042188
0.214338 0.903637 0.043197
0.214946 0.808034 0.044973
0.215554 0.869925 0.044319
0.216162 0.793043 0.042757
0.216770 0.804072 0.041771
0.217378 0.753219 0.040981
0.217986 0.791865 0.042890
0.218594 0.732103 0.042023
0.219202 0.770470 0.041987
0.219810 0.786007 0.041753
0.220418 0.747493 0.041099
0.221025 0.860630 0.043839
0.221633 0.718942 0.038407
0.222241 0.757790 0.040752
0.222849 0.772430 0.042779
0.223457 0.735346 0.039281
0.224065 0.734049 0.041138
0.224673 0.659100 0.042558
0.225281 0.662956 0.042967
0.225889 0.646520 0.041414
0.226497 0.670115 0.043545
0.227105 0.615240 0.046704
0.227713 0.617099 0.041454
0.228321 0.599541 0.043582
0.228929 0.639252 0.040150
0.229537 0.749522 0.039308
0.230145 0.707436 0.037490
0.230753 0.711420 0.041030
0.231361 0.683484 0.040856
0.231969 0.603842 0.039151
0.232577 0.607516 0.040636
0.233185 0.593369 0.041382
0.233793 0.553319 0.042152
0.234401 0.514439 0.042818
0.235009 0.523564 0.039904
0.235617 0.530232 0.040734
0.236225 0.548691 0.041123
0.236833 0.642119 0.039224
0.237441 0.596399 0.038998
0.238049 0.610695 0.037082
0.238657 0.657802 0.042155
0.239265 0.621384 0.036877
0.239873 0.630319 0.042251
0.240481 0.640582 0.037367
0.241089 0.652858 0.039174
0.241697 0.717018 0.037486
0.242304 0.639533 0.038949
0.242912 0.570090 0.047439
0.243520 0.583044 0.038962
0.244128 0.461984 0.046874
0.244736 0.502177 0.039505
0.245344 0.515246 0.039099
0.245952 0.564415 0.038084
0.246560 0.531202 0.036400
0.247168 0.596314 0.037151
0.247776 0.544480 0.038561
0.248384 0.511829 0.038813
0.248992 0.562722 0.041418
0.249600 0.550000 0.038556
0.250208 0.508485 0.041567
0.250816 0.566512 0.039214
0.251424 0.488320 0.038705
0.252032 0.430716 0.037360
0.252640 0.505220 0.039069
0.253248 0.500320 0.036828
0.253856 0.481312 0.038006
0.254464 0.464810 0.036693
0.255072 0.482643 0.038848
0.255679 0.467524 0.035376
0.256287 0.536217 0.039658
0.256895 0.492758 0.038714
0.257503 0.478503 0.036329
0.258111 0.522816 0.039790
0.258719 0.387719 0.035847
0.259327 0.338663 0.040178
0.259935 0.368778 0.034690
0.260543 0.359717 0.038369
0.261151 0.393313 0.036532
0.261759 0.372372 0.037984
0.262367 0.420812 0.038488
0.262975 0.413664 0.038347
0.263583 0.487711 0.037133
0.264191 0.473889 0.035943
0.264799 0.439082 0.037861
0.265407 0.481471 0.036317
0.266014 0.389785 0.036389
0.266622 0.404403 0.036997
0.267230 0.399464 0.034848
0.267838 0.392332 0.039346
0.268446 0.426422 0.036650
0.269054 0.385643 0.036187
0.269662 0.447213 0.037895
0.270270 0.355322 0.035026
0.270878 0.408630 0.037074
0.271486 0.404049 0.036242
0.272094 0.411997 0.035280
0.272702 0.368693 0.036703
0.273310 0.406824 0.036002
0.273918 0.414001 0.036854
0.274526 0.425353 0.034899
0.275133 0.381482 0.034941
0.275741 0.354242 0.036100
0.276349 0.422686 0.034906
0.276957 0.390055 0.035360
0.277565 0.402527 0.036182
0.278173 0.335920 0.035619
0.278781 0.293874 0.035568
0.279389 0.336661 0.034389
0.279997 0.394448 0.034507
0.280605 0.362273 0.033882
0.281213 0.344556 0.033761
0.281821 0.393430 0.034730
0.282429 0.304839 0.036719
0.283036 0.385245 0.033616
0.283644 0.359328 0.034981
0.284252 0.424231 0.035970
0.284860 0.325439 0.033387
0.285468 0.347875 0.033571
0.286076 0.320496 0.034949
0.286684 0.405746 0.034883
0.287292 0.464341 0.036592
0.287900 0.404791 0.033724
0.288508 0.408033 0.033143
0.289116 0.350724 0.032989
0.289723 0.369421 0.032801
0.290331 0.313974 0.034949
0.290939 0.372815 0.031136
0.291547 0.338685 0.033944
0.292155 0.343903 0.033329
0.292763 0.320478 0.032742
0.293371 0.289536 0.033096
0.293979 0.322836 0.032329
0.294587 0.341704 0.033376
0.295195 0.345217 0.036242
0.295803 0.362753 0.034857
0.296410 0.345785 0.031288
0.297018 0.348253 0.033848
0.297626 0.412151 0.031953
0.298234 0.399160 0.033821
0.298842 0.373840 0.032356
0.299450 0.366505 0.032709
0.300058 0.386596 0.031126
0.300666 0.405279 0.033264
0.301274 0.332338 0.030973
0.301881 0.371225 0.030645
0.302489 0.327948 0.034845
0.303097 0.374273 0.032703
0.303705 0.311770 0.034748
0.304313 0.323001 0.033968
0.304921 0.348373 0.032168
0.305529 0.288692 0.030837
0.306137 0.327945 0.033326
0.306745 0.311036 0.032168
0.307353 0.283996 0.032338
0.307960 0.362167 0.031563
0.308568 0.277785 0.032693
0.309176 0.302102 0.031195
0.309784 0.292637 0.032028
0.310392 0.341594 0.030791
0.311000 0.351856 0.032992
0.311608 0.383520 0.031380
0.312216 0.353915 0.031698
0.312823 0.405094 0.030255
0.313431 0.343303 0.030941
0.314039 0.326032 0.030012
0.314647 0.317347 0.030716
0.315255 0.354639 0.030515
0.315863 0.345932 0.033062
0.316471 0.399511 0.035553
0.317079 0.279083 0.035373
0.317686 0.357083 0.038331
0.318294 0.238832 0.038639
0.318902 0.286016 0.044527
0.319510 0.249202 0.043942
0.320118 0.201256 0.053171
0.320726 0.303490 0.050840
0.321334 0.253690 0.060563
0.321942 0.272937 0.082803
