# SAXS profile: number of points = 269, q_min = 0.0181213, q_max = 0.245282, delta_q = 0.000847614552238806
# offset = 0.00000000000000, scaling c = 2.38265707811248e-06, Chi = 1.91640953532982
#  q       exp_intensity   model_intensity
0.01812    59.43530000     58.08544950    
0.01897    59.64200000     57.71043753    
0.01982    58.79920000     57.31873718    
0.02066    59.12030000     56.91317442    
0.02151    58.45330000     56.49399707    
0.02236    57.68400000     56.06151456    
0.02321    56.94270000     55.61604681    
0.02405    56.73480000     55.15815960    
0.02490    55.96460000     54.69021927    
0.02575    55.63160000     54.20566334    
0.02660    54.67490000     53.70910634    
0.02745    53.16730000     53.20136514    
0.02829    52.41090000     52.68279446    
0.02914    52.98020000     52.15377021    
0.02999    52.66080000     51.61444453    
0.03084    51.97950000     51.06347543    
0.03168    50.89590000     50.50337987    
0.03253    50.53980000     49.93449951    
0.03338    50.40830000     49.35718248    
0.03423    49.76330000     48.77179436    
0.03507    49.13150000     48.17875037    
0.03592    47.85740000     47.57762716    
0.03677    46.96310000     46.96899382    
0.03762    47.20390000     46.35411518    
0.03846    46.59450000     45.73332821    
0.03931    45.86780000     45.10700151    
0.04016    44.73330000     44.47550196    
0.04101    44.11860000     43.83927539    
0.04185    43.37160000     43.19787432    
0.04270    43.27320000     42.55257042    
0.04355    42.16900000     41.90608758    
0.04440    41.60850000     41.25618878    
0.04525    41.00510000     40.60187085    
0.04609    39.94870000     39.94526110    
0.04694    38.90540000     39.28666730    
0.04779    37.99300000     38.62649879    
0.04864    37.80080000     37.96532054    
0.04948    37.49730000     37.30362080    
0.05033    36.32250000     36.64167988    
0.05118    35.72260000     35.97985481    
0.05203    35.09450000     35.31846010    
0.05287    34.52470000     34.65813583    
0.05372    33.78030000     33.99915072    
0.05457    33.17480000     33.34173747    
0.05542    32.40230000     32.68763345    
0.05626    31.85900000     32.03630371    
0.05711    31.65370000     31.38575942    
0.05796    30.70820000     30.73826760    
0.05881    29.69480000     30.09459339    
0.05965    28.99790000     29.45454422    
0.06050    28.59730000     28.81833256    
0.06135    27.74630000     28.18637876    
0.06220    27.34430000     27.55886726    
0.06304    26.55490000     26.93605263    
0.06389    25.98130000     26.31894206    
0.06474    25.40530000     25.70749654    
0.06559    24.71780000     25.10158329    
0.06644    24.06240000     24.50234948    
0.06728    23.45010000     23.90942110    
0.06813    22.59260000     23.32131161    
0.06898    22.02740000     22.73978005    
0.06983    21.71010000     22.16606529    
0.07067    21.29340000     21.59915922    
0.07152    20.45530000     21.03922256    
0.07237    20.05040000     20.48636543    
0.07322    19.49020000     19.94086734    
0.07406    19.05840000     19.40288409    
0.07491    18.63310000     18.87485784    
0.07576    18.20360000     18.35383268    
0.07661    17.52230000     17.84050630    
0.07745    17.08650000     17.33511576    
0.07830    16.55430000     16.83769166    
0.07915    16.00440000     16.34845463    
0.08000    15.61710000     15.86745988    
0.08084    15.25660000     15.39656136    
0.08169    14.83520000     14.93400378    
0.08254    14.44970000     14.48061706    
0.08339    13.93610000     14.03555936    
0.08424    13.40330000     13.59827659    
0.08508    12.85440000     13.16956705    
0.08593    12.49890000     12.75025779    
0.08678    12.25450000     12.34053025    
0.08763    11.76420000     11.93935273    
0.08847    11.32370000     11.54674085    
0.08932    11.05820000     11.16268748    
0.09017    10.57000000     10.78730050    
0.09102    10.25720000     10.42115926    
0.09186    9.95813000      10.06424068    
0.09271    9.61457000      9.71597093     
0.09356    9.20214000      9.37606992     
0.09441    8.93323000      9.04450062     
0.09525    8.67217000      8.72122182     
0.09610    8.34770000      8.40622120     
0.09695    8.08248000      8.10064253     
0.09780    7.80425000      7.80363425     
0.09864    7.57919000      7.51457340     
0.09949    7.28606000      7.23340510     
0.10034    6.97089000      6.96002165     
0.10119    6.66686000      6.69429540     
0.10204    6.40587000      6.43655206     
0.10288    6.17719000      6.18782252     
0.10373    5.94862000      5.94668280     
0.10458    5.72805000      5.71250809     
0.10543    5.52340000      5.48552418     
0.10627    5.28342000      5.26587898     
0.10712    5.05408000      5.05298962     
0.10797    4.85890000      4.84751096     
0.10882    4.68104000      4.65008580     
0.10966    4.49928000      4.45892414     
0.11051    4.38316000      4.27435984     
0.11136    4.21009000      4.09592319     
0.11221    4.03774000      3.92371223     
0.11305    3.88373000      3.75780442     
0.11390    3.65178000      3.59852376     
0.11475    3.45242000      3.44595352     
0.11560    3.35969000      3.29867189     
0.11645    3.28767000      3.15685093     
0.11729    3.16065000      3.02060717     
0.11814    2.94780000      2.88947960     
0.11899    2.77552000      2.76377195     
0.11983    2.77309000      2.64415745     
0.12068    2.64565000      2.52922325     
0.12153    2.49874000      2.41909318     
0.12238    2.35238000      2.31343138     
0.12323    2.26841000      2.21225456     
0.12407    2.14380000      2.11556004     
0.12492    2.07111000      2.02362258     
0.12577    2.01061000      1.93613292     
0.12662    1.92435000      1.85244150     
0.12746    1.81799000      1.77256324     
0.12831    1.73100000      1.69647871     
0.12916    1.65977000      1.62392561     
0.13001    1.61654000      1.55503754     
0.13085    1.56310000      1.48993825     
0.13170    1.50464000      1.42806404     
0.13255    1.39686000      1.36934867     
0.13340    1.34450000      1.31354128     
0.13425    1.30813000      1.26063940     
0.13509    1.25451000      1.21063350     
0.13594    1.20397000      1.16335370     
0.13679    1.14046000      1.11898962     
0.13764    1.09680000      1.07699298     
0.13848    1.03938000      1.03732761     
0.13933    1.00530000      0.99998024     
0.14018    0.97037900      0.96477356     
0.14103    0.95025300      0.93158876     
0.14187    0.92773100      0.90067571     
0.14272    0.86946800      0.87167740     
0.14357    0.84436900      0.84452319     
0.14442    0.81352800      0.81901376     
0.14526    0.77663400      0.79510955     
0.14611    0.75355700      0.77271578     
0.14696    0.73072300      0.75187000     
0.14781    0.69061300      0.73269728     
0.14865    0.67582100      0.71473890     
0.14950    0.67310300      0.69799588     
0.15035    0.65512300      0.68243911     
0.15120    0.63867500      0.66798582     
0.15204    0.63230400      0.65464536     
0.15289    0.62695700      0.64235777     
0.15374    0.60834700      0.63103603     
0.15459    0.59531000      0.62058800     
0.15543    0.59886700      0.61095912     
0.15628    0.58945200      0.60211032     
0.15713    0.55618400      0.59393989     
0.15798    0.56819100      0.58644069     
0.15882    0.57758300      0.57969577     
0.15967    0.56503900      0.57354123     
0.16052    0.56652900      0.56790690     
0.16137    0.56535100      0.56275577     
0.16222    0.54418900      0.55805188     
0.16306    0.54259900      0.55378538     
0.16391    0.54080300      0.55000133     
0.16476    0.53572200      0.54656155     
0.16561    0.54282700      0.54345076     
0.16645    0.55959100      0.54063145     
0.16730    0.55487700      0.53809733     
0.16815    0.54060700      0.53583082     
0.16900    0.52346400      0.53377517     
0.16984    0.51567000      0.53195566     
0.17069    0.51819400      0.53031222     
0.17154    0.53446700      0.52885848     
0.17239    0.52531900      0.52754898     
0.17324    0.52368700      0.52634670     
0.17408    0.52217500      0.52526722     
0.17493    0.54645700      0.52433091     
0.17578    0.52556400      0.52343989     
0.17663    0.52879000      0.52262567     
0.17747    0.54057700      0.52187065     
0.17832    0.54071400      0.52118249     
0.17917    0.54015100      0.52055713     
0.18002    0.52231400      0.51993305     
0.18086    0.52146000      0.51935558     
0.18171    0.54429100      0.51880379     
0.18256    0.55349500      0.51824825     
0.18341    0.53462800      0.51769110     
0.18425    0.53062200      0.51713561     
0.18510    0.53563800      0.51658340     
0.18595    0.54309900      0.51605227     
0.18680    0.55258500      0.51547780     
0.18764    0.54108400      0.51488368     
0.18849    0.53333100      0.51429985     
0.18934    0.53807000      0.51369677     
0.19019    0.54637300      0.51304669     
0.19104    0.53200400      0.51240124     
0.19188    0.52252600      0.51173783     
0.19273    0.53872500      0.51103806     
0.19358    0.54637500      0.51030102     
0.19442    0.54944800      0.50954045     
0.19527    0.55096900      0.50877017     
0.19612    0.54227100      0.50799447     
0.19697    0.53415000      0.50716889     
0.19782    0.53042400      0.50630870     
0.19866    0.53472400      0.50546256     
0.19951    0.53751400      0.50457586     
0.20036    0.51779200      0.50365401     
0.20121    0.51694000      0.50272201     
0.20205    0.51991100      0.50179056     
0.20290    0.51827400      0.50081268     
0.20375    0.51946400      0.49981215     
0.20460    0.51934600      0.49881857     
0.20544    0.53193800      0.49779626     
0.20629    0.53057300      0.49673899     
0.20714    0.52867100      0.49567834     
0.20799    0.51011500      0.49462059     
0.20883    0.49721600      0.49353622     
0.20968    0.49521700      0.49242097     
0.21053    0.49055100      0.49131127     
0.21138    0.49553600      0.49018969     
0.21222    0.50497200      0.48903510     
0.21307    0.49702600      0.48787001     
0.21392    0.48654800      0.48672174     
0.21477    0.49267600      0.48553980     
0.21562    0.49370900      0.48433399     
0.21646    0.49303900      0.48312927     
0.21731    0.49381500      0.48191785     
0.21816    0.49725100      0.48067626     
0.21901    0.49641800      0.47941319     
0.21985    0.50357100      0.47816298     
0.22070    0.48971900      0.47688316     
0.22155    0.47011800      0.47560190     
0.22240    0.44893500      0.47429898     
0.22324    0.46247000      0.47295839     
0.22409    0.46876100      0.47160573     
0.22494    0.45533600      0.47027071     
0.22579    0.46046300      0.46887326     
0.22663    0.46644000      0.46746592     
0.22748    0.46355700      0.46605176     
0.22833    0.45925300      0.46461239     
0.22918    0.44697000      0.46313514     
0.23003    0.44945600      0.46164274     
0.23087    0.44675400      0.46014075     
0.23172    0.43258100      0.45859219     
0.23257    0.43399900      0.45703021     
0.23342    0.44668400      0.45544113     
0.23426    0.44456800      0.45380637     
0.23511    0.42694900      0.45213794     
0.23596    0.42329900      0.45047275     
0.23681    0.40442600      0.44874011     
0.23765    0.40048100      0.44698099     
0.23850    0.40742900      0.44519755     
0.23935    0.42172700      0.44337846     
0.24020    0.41285400      0.44152298     
0.24104    0.43249300      0.43965416     
0.24189    0.42273600      0.43771851     
0.24274    0.40505500      0.43574136     
0.24359    0.39815200      0.43374386     
0.24443    0.39326200      0.43170593     
0.24528    0.38635000      0.42962351     
