# SAXS profile: number of points = 379, q_min = 0.019764, q_max = 0.249619, delta_q = 0.000608082010582011
# offset = 0.00000000000000, scaling c = 4.77852243679867e-08, Chi = 3.26356666842952
#  q       exp_intensity   model_intensity
0.01976    6.85778000      6.85636931     
0.02037    6.69706000      6.77084122     
0.02098    6.68696000      6.68441104     
0.02159    6.48174000      6.59582244     
0.02220    6.49780000      6.50672001     
0.02280    6.49113000      6.41638470     
0.02341    6.46261000      6.32497820     
0.02402    6.33005000      6.23302029     
0.02463    6.21262000      6.13978661     
0.02524    6.12642000      6.04613311     
0.02584    6.09763000      5.95182240     
0.02645    5.93090000      5.85673940     
0.02706    5.90177000      5.76154198     
0.02767    5.65213000      5.66581442     
0.02828    5.59845000      5.56992846     
0.02889    5.54240000      5.47385445     
0.02949    5.44947000      5.37768224     
0.03010    5.33271000      5.28150536     
0.03071    5.30477000      5.18541763     
0.03132    5.19486000      5.08944418     
0.03193    5.09302000      4.99387548     
0.03254    5.01253000      4.89859636     
0.03314    4.92509000      4.80352749     
0.03375    4.82765000      4.70901382     
0.03436    4.69743000      4.61504413     
0.03497    4.56794000      4.52145174     
0.03558    4.39851000      4.42889485     
0.03618    4.30951000      4.33662893     
0.03679    4.30996000      4.24539928     
0.03740    4.27762000      4.15510414     
0.03801    4.20663000      4.06531558     
0.03862    3.97676000      3.97707585     
0.03922    3.97485000      3.88946117     
0.03983    3.82211000      3.80291800     
0.04044    3.73611000      3.71769507     
0.04105    3.73042000      3.63299238     
0.04166    3.60902000      3.55020282     
0.04226    3.53015000      3.46829652     
0.04287    3.41778000      3.38753350     
0.04348    3.40733000      3.30844001     
0.04409    3.26527000      3.23010729     
0.04470    3.21409000      3.15364044     
0.04530    3.08399000      3.07829762     
0.04591    2.96999000      3.00394939     
0.04652    2.97656000      2.93169265     
0.04713    2.88509000      2.86025817     
0.04774    2.81860000      2.79065408     
0.04835    2.72785000      2.72239176     
0.04895    2.67019000      2.65514548     
0.04956    2.58271000      2.59008891     
0.05017    2.52745000      2.52587641     
0.05078    2.47085000      2.46327407     
0.05139    2.38587000      2.40228207     
0.05199    2.36555000      2.34215099     
0.05260    2.31657000      2.28436070     
0.05321    2.26471000      2.22739983     
0.05382    2.20822000      2.17196303     
0.05443    2.14219000      2.11820477     
0.05504    2.06607000      2.06528335     
0.05564    2.01552000      2.01432988     
0.05625    1.99340000      1.96438213     
0.05686    1.95656000      1.91573698     
0.05747    1.88584000      1.86876070     
0.05808    1.85463000      1.82254799     
0.05868    1.83103000      1.77818550     
0.05929    1.76114000      1.73480849     
0.05990    1.73012000      1.69249796     
0.06051    1.69214000      1.65184848     
0.06112    1.67411000      1.61182863     
0.06173    1.61528000      1.57342350     
0.06233    1.56261000      1.53602932     
0.06294    1.51902000      1.49947004     
0.06355    1.47159000      1.46450640     
0.06416    1.43177000      1.43015225     
0.06477    1.44697000      1.39705630     
0.06537    1.41241000      1.36495155     
0.06598    1.35498000      1.33341953     
0.06659    1.35020000      1.30343101     
0.06720    1.31395000      1.27396323     
0.06781    1.28385000      1.24547949     
0.06841    1.24139000      1.21793726     
0.06902    1.20954000      1.19088337     
0.06963    1.15372000      1.16508532     
0.07024    1.16458000      1.13978629     
0.07085    1.12336000      1.11522273     
0.07146    1.09609000      1.09152643     
0.07206    1.09985000      1.06822049     
0.07267    1.08747000      1.04588609     
0.07328    1.06441000      1.02401544     
0.07389    1.05140000      1.00269168     
0.07450    1.01210000      0.98213669     
0.07510    0.97767200      0.96190623     
0.07571    0.96037300      0.94240638     
0.07632    0.93082900      0.92330595     
0.07693    0.92363900      0.90462592     
0.07754    0.91411900      0.88661460     
0.07814    0.88850800      0.86886013     
0.07875    0.86359200      0.85164387     
0.07936    0.84370200      0.83481506     
0.07997    0.82476900      0.81825315     
0.08058    0.80315600      0.80226575     
0.08118    0.80481700      0.78647973     
0.08179    0.78467800      0.77105886     
0.08240    0.77195400      0.75600616     
0.08301    0.74735200      0.74113804     
0.08362    0.72895400      0.72677645     
0.08422    0.72413500      0.71256886     
0.08483    0.70620300      0.69862342     
0.08544    0.69210100      0.68498058     
0.08605    0.67083800      0.67148373     
0.08666    0.65846300      0.65832336     
0.08727    0.65374900      0.64534392     
0.08787    0.62311400      0.63256934     
0.08848    0.60895200      0.62006695     
0.08909    0.60077500      0.60768378     
0.08970    0.59699200      0.59557718     
0.09031    0.57619700      0.58362516     
0.09091    0.56806100      0.57182568     
0.09152    0.56056700      0.56027778     
0.09213    0.55504500      0.54881343     
0.09274    0.54174300      0.53759018     
0.09335    0.52523600      0.52652130     
0.09395    0.51226500      0.51556854     
0.09456    0.48975700      0.50486059     
0.09517    0.48365600      0.49425089     
0.09578    0.47796000      0.48384229     
0.09639    0.46948600      0.47358071     
0.09699    0.46280900      0.46340309     
0.09760    0.45491800      0.45345648     
0.09821    0.44511400      0.44361452     
0.09882    0.43114700      0.43393371     
0.09943    0.41619900      0.42442432     
0.10004    0.40739200      0.41500148     
0.10064    0.39980900      0.40580836     
0.10125    0.39307500      0.39671647     
0.10186    0.38242100      0.38776757     
0.10247    0.37488500      0.37900521     
0.10308    0.36445900      0.37032910     
0.10368    0.35450900      0.36185233     
0.10429    0.34802400      0.35350779     
0.10490    0.33794100      0.34529045     
0.10551    0.33225700      0.33728795     
0.10612    0.32714400      0.32937142     
0.10673    0.32116200      0.32164029     
0.10733    0.31167800      0.31404239     
0.10794    0.31025000      0.30655452     
0.10855    0.29881400      0.29928649     
0.10916    0.29338800      0.29209324     
0.10977    0.28259800      0.28509157     
0.11037    0.27121300      0.27823876     
0.11098    0.26765600      0.27147910     
0.11159    0.26392200      0.26495158     
0.11220    0.25636400      0.25850866     
0.11281    0.24962700      0.25222628     
0.11341    0.24382300      0.24610467     
0.11402    0.23986300      0.24006720     
0.11463    0.23368100      0.23426401     
0.11524    0.22724300      0.22853656     
0.11585    0.21633600      0.22295036     
0.11646    0.21070000      0.21753306     
0.11706    0.20310800      0.21219519     
0.11767    0.20295400      0.20705303     
0.11828    0.19913900      0.20201001     
0.11889    0.19179800      0.19708392     
0.11950    0.19084600      0.19232834     
0.12010    0.18555500      0.18764657     
0.12071    0.18498700      0.18313578     
0.12132    0.17795100      0.17872137     
0.12193    0.17299600      0.17440778     
0.12254    0.16771400      0.17027114     
0.12314    0.16508900      0.16620004     
0.12375    0.16259900      0.16226357     
0.12436    0.15878300      0.15843301     
0.12497    0.15677300      0.15467541     
0.12558    0.15129200      0.15108218     
0.12618    0.14835800      0.14754781     
0.12679    0.14427300      0.14412802     
0.12740    0.14103100      0.14080703     
0.12801    0.13724000      0.13754782     
0.12862    0.13399500      0.13443879     
0.12923    0.13026400      0.13138329     
0.12983    0.12722700      0.12841892     
0.13044    0.12327500      0.12555902     
0.13105    0.12169900      0.12274879     
0.13166    0.12087100      0.12005391     
0.13226    0.11771400      0.11741404     
0.13287    0.11775400      0.11484536     
0.13348    0.11513700      0.11237123     
0.13409    0.11063800      0.10993487     
0.13470    0.10968400      0.10759940     
0.13531    0.10505100      0.10531844     
0.13591    0.10276100      0.10309128     
0.13652    0.10007000      0.10095245     
0.13713    0.09705510      0.09884915     
0.13774    0.09703860      0.09682297     
0.13835    0.09623910      0.09485292     
0.13895    0.09641290      0.09292539     
0.13956    0.09332690      0.09107593     
0.14017    0.09105120      0.08925680     
0.14078    0.08674730      0.08749643     
0.14139    0.08784760      0.08579088     
0.14200    0.08641970      0.08411498     
0.14260    0.08342120      0.08251692     
0.14321    0.08222050      0.08094555     
0.14382    0.08012330      0.07942317     
0.14443    0.07921420      0.07795216     
0.14503    0.07713510      0.07650720     
0.14564    0.07639020      0.07513209     
0.14625    0.07587660      0.07378338     
0.14686    0.07447450      0.07247221     
0.14747    0.07260960      0.07121165     
0.14808    0.07002580      0.06997226     
0.14868    0.06959640      0.06879059     
0.14929    0.06941080      0.06763902     
0.14990    0.06808760      0.06652001     
0.15051    0.06759540      0.06545176     
0.15112    0.06740410      0.06440498     
0.15172    0.06430300      0.06340693     
0.15233    0.06566760      0.06244172     
0.15294    0.06374590      0.06150382     
0.15355    0.06371390      0.06061440     
0.15416    0.06395240      0.05974456     
0.15476    0.06052720      0.05891607     
0.15537    0.05993540      0.05812065     
0.15598    0.05986950      0.05734493     
0.15659    0.06033430      0.05662249     
0.15720    0.05865520      0.05591821     
0.15781    0.05695300      0.05524831     
0.15841    0.05655720      0.05461467     
0.15902    0.05611780      0.05399976     
0.15963    0.05484860      0.05342965     
0.16024    0.05297540      0.05287830     
0.16084    0.05286470      0.05235631     
0.16145    0.05289350      0.05186826     
0.16206    0.05452230      0.05139625     
0.16267    0.05321200      0.05096391     
0.16328    0.05360010      0.05055123     
0.16389    0.05342680      0.05016139     
0.16449    0.05167740      0.04980663     
0.16510    0.05166870      0.04946604     
0.16571    0.05016610      0.04915634     
0.16632    0.04904980      0.04886543     
0.16693    0.04763630      0.04859166     
0.16753    0.04769500      0.04834799     
0.16814    0.04673600      0.04811615     
0.16875    0.04751700      0.04790946     
0.16936    0.04722940      0.04772001     
0.16997    0.04633930      0.04754260     
0.17057    0.04646390      0.04739266     
0.17118    0.04560420      0.04725120     
0.17179    0.04476690      0.04712578     
0.17240    0.04480060      0.04701459     
0.17301    0.04500560      0.04691140     
0.17361    0.04503660      0.04682783     
0.17422    0.04529320      0.04675038     
0.17483    0.04458520      0.04668350     
0.17544    0.04274470      0.04662635     
0.17605    0.04162740      0.04657402     
0.17666    0.04046070      0.04653457     
0.17726    0.04150490      0.04649793     
0.17787    0.04126060      0.04646498     
0.17848    0.03997530      0.04643750     
0.17909    0.03982450      0.04641198     
0.17969    0.03939270      0.04638943     
0.18030    0.03988380      0.04636799     
0.18091    0.03941170      0.04634766     
0.18152    0.04007360      0.04632520     
0.18213    0.03847180      0.04630221     
0.18274    0.03778080      0.04627877     
0.18334    0.03697340      0.04625121     
0.18395    0.03636970      0.04622049     
0.18456    0.03794700      0.04618322     
0.18517    0.03853990      0.04614281     
0.18578    0.04006220      0.04609561     
0.18638    0.03858650      0.04604187     
0.18699    0.03804390      0.04598432     
0.18760    0.03638000      0.04591595     
0.18821    0.03549580      0.04584250     
0.18882    0.03481200      0.04575954     
0.18942    0.03416210      0.04566559     
0.19003    0.03429630      0.04556613     
0.19064    0.03516160      0.04545356     
0.19125    0.03414470      0.04533373     
0.19186    0.03617710      0.04520337     
0.19246    0.03632350      0.04506214     
0.19307    0.03669390      0.04491544     
0.19368    0.03581020      0.04475118     
0.19429    0.03507020      0.04457891     
0.19490    0.03520560      0.04439779     
0.19551    0.03492270      0.04420213     
0.19611    0.03538050      0.04400033     
0.19672    0.03588140      0.04378464     
0.19733    0.03599530      0.04355956     
0.19794    0.03790420      0.04332652     
0.19854    0.03674130      0.04308081     
0.19915    0.03623600      0.04282907     
0.19976    0.03524080      0.04256378     
0.20037    0.03559000      0.04228954     
0.20098    0.03528250      0.04200950     
0.20158    0.03591960      0.04171573     
0.20219    0.03595960      0.04141734     
0.20280    0.03439010      0.04111017     
0.20341    0.03363450      0.04079559     
0.20402    0.03405300      0.04047705     
0.20463    0.03594110      0.04014664     
0.20523    0.03420870      0.03981228     
0.20584    0.03456900      0.03947101     
0.20645    0.03349910      0.03912447     
0.20706    0.03391860      0.03877529     
0.20767    0.03330360      0.03842045     
0.20827    0.03303050      0.03806284     
0.20888    0.03401080      0.03770186     
0.20949    0.03444550      0.03733632     
0.21010    0.03505760      0.03696928     
0.21071    0.03513890      0.03660015     
0.21131    0.03418440      0.03622999     
0.21192    0.03256270      0.03585885     
0.21253    0.03248550      0.03548844     
0.21314    0.03322110      0.03511805     
0.21375    0.03353940      0.03474738     
0.21435    0.03542530      0.03437823     
0.21496    0.03487250      0.03401018     
0.21557    0.03558060      0.03364458     
0.21618    0.03532920      0.03328048     
0.21679    0.03428440      0.03291959     
0.21739    0.03386370      0.03256314     
0.21800    0.03471540      0.03220912     
0.21861    0.03312840      0.03185991     
0.21922    0.03269050      0.03151336     
0.21983    0.03287000      0.03117161     
0.22043    0.03382700      0.03083595     
0.22104    0.03396590      0.03050342     
0.22165    0.03307600      0.03018023     
0.22226    0.03345690      0.02986045     
0.22287    0.03216540      0.02954529     
0.22347    0.03226230      0.02923804     
0.22408    0.03212210      0.02893406     
0.22469    0.03276340      0.02864032     
0.22530    0.03227510      0.02835164     
0.22591    0.03119530      0.02806818     
0.22651    0.03233480      0.02779559     
0.22712    0.03133090      0.02752705     
0.22773    0.03278600      0.02726668     
0.22834    0.03292430      0.02701268     
0.22895    0.03125500      0.02676374     
0.22956    0.03063090      0.02652597     
0.23016    0.02989390      0.02629254     
0.23077    0.03072530      0.02606801     
0.23138    0.02997880      0.02585017     
0.23199    0.02909590      0.02563638     
0.23259    0.02854610      0.02543388     
0.23320    0.03093250      0.02523537     
0.23381    0.02971930      0.02504436     
0.23442    0.03010690      0.02486064     
0.23503    0.02956120      0.02468072     
0.23564    0.03059530      0.02451215     
0.23624    0.03101610      0.02434726     
0.23685    0.03023650      0.02418789     
0.23746    0.03044390      0.02403620     
0.23807    0.02967510      0.02388800     
0.23867    0.02912410      0.02374775     
0.23928    0.02787510      0.02361216     
0.23989    0.02700160      0.02348191     
0.24050    0.02718240      0.02335830     
0.24111    0.02763500      0.02323754     
0.24172    0.02800700      0.02312327     
0.24232    0.02585010      0.02301285     
0.24293    0.02732890      0.02290582     
0.24354    0.02649090      0.02280571     
0.24415    0.02687150      0.02270780     
0.24476    0.02627130      0.02261400     
0.24536    0.02673160      0.02252383     
0.24597    0.02639840      0.02243609     
0.24658    0.02750280      0.02235357     
0.24719    0.02731900      0.02227298     
0.24779    0.02569030      0.02219617     
0.24840    0.02626250      0.02212165     
0.24901    0.02599580      0.02204837     
0.24962    0.02580970      0.02197892     
