0.010641 104.212467 4.922493
0.011250 96.990836 2.456124
0.011858 96.555044 3.003595
0.012466 94.710685 1.462660
0.013074 91.010084 1.378485
0.013682 88.441207 1.351499
0.014290 86.994268 1.995287
0.014898 88.783767 1.691328
0.015506 87.222791 1.506228
0.016114 86.881806 1.675674
0.016722 85.632095 0.901878
0.017330 82.684900 1.111843
0.017938 82.816330 0.854813
0.018546 81.602736 1.125904
0.019155 80.756458 0.903620
0.019763 79.485961 1.088384
0.020371 77.584292 0.875258
0.020979 76.427466 1.042319
0.021587 74.597149 0.885117
0.022195 73.378142 0.832100
0.022803 72.321667 0.845820
0.023411 71.510866 0.905634
0.024019 69.867011 0.706284
0.024627 69.496511 0.749277
0.025235 68.124715 0.789110
0.025843 67.734757 0.558729
0.026452 65.372340 0.703995
0.027060 65.792906 0.565089
0.027668 63.500884 0.652358
0.028276 63.462520 0.531560
0.028884 62.183491 0.586719
0.029492 61.496901 0.503959
0.030100 60.205383 0.611209
0.030708 59.200505 0.485687
0.031316 57.616640 0.589533
0.031924 57.207463 0.493946
0.032532 56.590177 0.510574
0.033140 54.974652 0.451287
0.033748 54.980592 0.467511
0.034357 54.111952 0.492115
0.034965 53.414126 0.453363
0.035573 52.427748 0.420532
0.036181 51.030509 0.488388
0.036789 50.904978 0.436164
0.037397 49.790951 0.424484
0.038005 49.095111 0.408589
0.038613 48.119228 0.305821
0.039221 47.609300 0.398565
0.039829 46.983267 0.365654
0.040437 45.898766 0.426627
0.041045 45.391519 0.362713
0.041654 44.443324 0.362858
0.042262 43.884336 0.326675
0.042870 43.478664 0.390052
0.043478 42.395786 0.331119
0.044086 42.136272 0.367963
0.044694 41.445594 0.331681
0.045302 40.804797 0.318803
0.045910 39.693403 0.321681
0.046518 39.185953 0.343896
0.047126 38.402990 0.338802
0.047734 38.091624 0.314475
0.048342 37.595008 0.290530
0.048950 36.772634 0.252793
0.049559 36.068942 0.282509
0.050167 35.455906 0.284469
0.050775 35.552774 0.272164
0.051383 34.010863 0.274182
0.051991 34.266576 0.261235
0.052599 33.083374 0.239352
0.053207 33.068487 0.265339
0.053815 32.054083 0.277555
0.054423 31.668508 0.254391
0.055031 31.013394 0.284622
0.055639 30.539702 0.268879
0.056247 29.599248 0.291779
0.056855 29.268485 0.237936
0.057463 28.765218 0.268620
0.058072 28.134328 0.232714
0.058680 27.775747 0.262470
0.059288 27.424706 0.237240
0.059896 27.016687 0.255970
0.060504 26.430953 0.210176
0.061112 26.419691 0.237249
0.061720 25.269280 0.231447
0.062328 25.336420 0.246700
0.062936 24.644214 0.235236
0.063544 24.496491 0.232081
0.064152 23.542542 0.225331
0.064760 24.026294 0.228005
0.065368 22.554897 0.201675
0.065977 22.645303 0.212545
0.066585 21.992599 0.224298
0.067193 21.593746 0.208539
0.067801 21.493021 0.223720
0.068409 21.081853 0.183100
0.069017 20.600396 0.184209
0.069625 20.218486 0.192198
0.070233 20.009992 0.205694
0.070841 19.255105 0.188238
0.071449 19.052463 0.185744
0.072057 18.680593 0.177895
0.072665 18.132950 0.188248
0.073273 17.939418 0.183599
0.073881 17.454033 0.188556
0.074490 17.143335 0.182134
0.075098 16.746164 0.189649
0.075706 16.393920 0.171887
0.076314 16.028419 0.158289
0.076922 15.473142 0.181422
0.077530 15.347585 0.166442
0.078138 15.283026 0.171571
0.078746 14.882291 0.162359
0.079354 14.838631 0.149157
0.079962 14.292279 0.174912
0.080570 14.032141 0.154373
0.081178 13.635087 0.155251
0.081786 13.472972 0.155531
0.082394 12.855537 0.140883
0.083002 12.856933 0.167128
0.083611 12.482864 0.149448
0.084219 12.195509 0.147942
0.084827 12.103100 0.147456
0.085435 11.633228 0.140214
0.086043 11.452489 0.128613
0.086651 11.208545 0.146259
0.087259 10.845316 0.117305
0.087867 10.636851 0.124542
0.088475 10.563218 0.142070
0.089083 10.523426 0.138636
0.089691 10.051363 0.134215
0.090299 9.873357 0.158806
0.090907 9.860641 0.138029
0.091515 9.715925 0.158271
0.092123 9.174694 0.130245
0.092732 9.334195 0.145568
0.093340 8.913472 0.142618
0.093948 8.615194 0.140867
0.094556 8.352560 0.127338
0.095164 8.220449 0.142127
0.095772 7.880481 0.140375
0.096380 7.697760 0.128611
0.096988 7.738158 0.127624
0.097596 7.178319 0.146208
0.098204 7.200649 0.120836
0.098812 7.391533 0.129039
0.099420 6.889001 0.126830
0.100028 6.861972 0.119890
0.100636 6.916815 0.115218
0.101244 6.570294 0.124385
0.101852 6.175276 0.114806
0.102461 6.142397 0.126092
0.103069 5.930395 0.134844
0.103677 5.791562 0.114906
0.104285 5.823376 0.118778
0.104893 5.557382 0.118804
0.105501 5.442662 0.126954
0.106109 5.318427 0.120170
0.106717 5.183700 0.119479
0.107325 5.217870 0.114542
0.107933 5.051231 0.124276
0.108541 4.775689 0.120495
0.109149 4.793648 0.105700
0.109757 4.364950 0.115397
0.110365 4.512799 0.100563
0.110973 4.314026 0.113232
0.111581 4.407816 0.108338
0.112189 4.240937 0.116441
0.112798 4.099678 0.108772
0.113406 3.961232 0.112074
0.114014 3.843163 0.102012
0.114622 3.812548 0.114335
0.115230 3.592569 0.107370
0.115838 3.499515 0.118879
0.116446 3.345189 0.105764
0.117054 3.459537 0.116994
0.117662 3.045890 0.104289
0.118270 3.182575 0.103201
0.118878 2.876264 0.098033
0.119486 2.904480 0.107102
0.120094 2.931574 0.110438
0.120702 2.845083 0.101836
0.121310 2.741865 0.106200
0.121918 2.641228 0.102375
0.122526 2.565831 0.092834
0.123134 2.547731 0.097635
0.123742 2.449842 0.098754
0.124351 2.580420 0.098385
0.124959 2.527890 0.097118
0.125567 2.371407 0.106251
0.126175 2.327197 0.100873
0.126783 2.181532 0.100797
0.127391 2.022864 0.098495
0.127999 2.183810 0.100886
0.128607 2.058622 0.094256
0.129215 1.912146 0.101425
0.129823 2.005947 0.096205
0.130431 1.815398 0.098697
0.131039 1.778898 0.093011
0.131647 1.814241 0.103583
0.132255 1.710072 0.102291
0.132863 1.491991 0.105754
0.133471 1.485237 0.095592
0.134079 1.466674 0.096053
0.134687 1.661539 0.104586
0.135295 1.257780 0.096175
0.135903 1.515328 0.099259
0.136511 1.354371 0.093661
0.137119 1.457102 0.098580
0.137728 1.240980 0.094703
0.138336 1.195676 0.087407
0.138944 1.245249 0.092790
0.139552 1.204985 0.092692
0.140160 1.078504 0.091977
0.140768 1.163542 0.098132
0.141376 1.064533 0.087250
0.141984 0.964686 0.091163
0.142592 1.059253 0.092501
0.143200 1.161260 0.093130
0.143808 1.082786 0.085953
0.144416 1.283273 0.099347
0.145024 0.853618 0.091466
0.145632 0.911708 0.094558
0.146240 0.917989 0.096622
0.146848 0.918420 0.096291
0.147456 1.026584 0.086718
0.148064 0.980658 0.085328
0.148672 0.813790 0.090310
0.149280 0.911908 0.096582
0.149888 0.928275 0.093507
0.150496 0.804734 0.087260
0.151104 0.774814 0.086463
0.151712 0.825872 0.082287
0.152320 1.092112 0.090256
0.152928 0.859429 0.084428
0.153537 0.792355 0.090448
0.154145 0.808190 0.088837
0.154753 0.780323 0.088754
0.155361 0.948843 0.082883
0.155969 0.896605 0.088916
0.156577 0.870099 0.088785
0.157185 0.920209 0.087043
0.157793 0.819228 0.090178
0.158401 0.915456 0.088083
0.159009 0.694315 0.087731
0.159617 0.782674 0.082726
0.160225 0.704153 0.080992
0.160833 0.695361 0.079075
0.161441 0.815059 0.081869
0.162049 0.880421 0.086528
0.162657 0.645776 0.078972
0.163265 0.691533 0.086717
0.163873 0.655148 0.081655
0.164481 0.623070 0.078886
0.165089 0.569027 0.081561
0.165697 0.569576 0.081832
0.166305 0.685331 0.083708
0.166913 0.652615 0.081416
0.167521 0.566089 0.080069
0.168129 0.548610 0.080988
0.168737 0.621032 0.077703
0.169345 0.638104 0.080098
0.169953 0.631853 0.079075
0.170561 0.678884 0.081680
0.171169 0.725849 0.082849
0.171777 0.602341 0.078737
0.172385 0.742709 0.084722
0.172993 0.568531 0.083939
0.173601 0.594906 0.082226
0.174209 0.539671 0.076351
0.174817 0.573481 0.084555
0.175425 0.601009 0.078057
0.176033 0.407607 0.082310
0.176641 0.587727 0.081863
0.177250 0.658657 0.085525
0.177858 0.509797 0.086282
0.178466 0.486004 0.084299
0.179074 0.512987 0.085413
0.179682 0.589494 0.085496
0.180290 0.518613 0.083733
0.180898 0.428484 0.079808
0.181506 0.706580 0.083534
0.182114 0.431310 0.080229
0.182722 0.569316 0.077118
0.183330 0.503509 0.074636
0.183938 0.437731 0.079782
0.184546 0.587082 0.081516
0.185154 0.469034 0.075455
0.185762 0.661440 0.080972
0.186370 0.565375 0.076498
0.186978 0.775719 0.078919
0.187586 0.637906 0.078036
0.188194 0.657695 0.075308
0.188802 0.582642 0.074781
0.189410 0.676728 0.077367
0.190018 0.542202 0.077273
0.190626 0.720641 0.078105
0.191234 0.606419 0.078487
0.191842 0.701582 0.078482
0.192450 0.738252 0.082864
0.193058 0.586082 0.074127
0.193666 0.660637 0.075212
0.194274 0.584395 0.076566
0.194882 0.688442 0.072507
0.195490 0.623939 0.078584
0.196098 0.562094 0.073055
0.196706 0.505132 0.081738
0.197314 0.617450 0.074291
0.197922 0.645275 0.080274
0.198530 0.628794 0.078124
0.199138 0.511360 0.078145
0.199746 0.596335 0.080388
0.200354 0.582234 0.077124
0.200962 0.555460 0.077858
0.201570 0.728999 0.071789
0.202178 0.530841 0.078088
0.202786 0.571369 0.075150
0.203394 0.512746 0.081050
0.204002 0.496326 0.074328
0.204610 0.650958 0.074206
0.205218 0.702049 0.071057
0.205826 0.669861 0.073376
0.206434 0.612465 0.074009
0.207042 0.492000 0.077421
0.207650 0.413128 0.070922
0.208258 0.463059 0.079347
0.208866 0.459353 0.071995
0.209474 0.457226 0.072817
0.210082 0.444388 0.077164
0.210690 0.471479 0.072108
0.211298 0.534552 0.075181
0.211906 0.654298 0.070542
0.212514 0.473957 0.076390
0.213122 0.516028 0.074701
0.213730 0.630254 0.074428
0.214338 0.572587 0.069138
0.214946 0.643257 0.069326
0.215554 0.455528 0.068713
0.216162 0.563350 0.072245
0.216770 0.572685 0.071660
0.217378 0.583377 0.074003
0.217986 0.611849 0.069712
0.218594 0.752726 0.070002
0.219202 0.604097 0.068116
0.219810 0.760280 0.069960
0.220418 0.655406 0.072590
0.221025 0.555463 0.076862
0.221633 0.570389 0.071657
0.222241 0.640925 0.068762
0.222849 0.721377 0.071673
0.223457 0.666987 0.073178
0.224065 0.521732 0.070397
0.224673 0.368190 0.070715
0.225281 0.494361 0.071747
0.225889 0.422985 0.070811
0.226497 0.537042 0.071640
0.227105 0.618014 0.069931
0.227713 0.572431 0.074233
0.228321 0.494938 0.067598
0.228929 0.429634 0.065817
0.229537 0.469896 0.066909
0.230145 0.485491 0.064953
0.230753 0.504365 0.063703
0.231361 0.392840 0.070356
0.231969 0.452602 0.068061
0.232577 0.556549 0.067994
0.233185 0.489386 0.064452
0.233793 0.392814 0.069578
0.234401 0.584587 0.067766
0.235009 0.440309 0.066712
0.235617 0.493731 0.067292
0.236225 0.368411 0.068614
0.236833 0.475910 0.066419
0.237441 0.557688 0.068699
0.238049 0.494953 0.067896
0.238657 0.575496 0.067831
0.239265 0.442290 0.066533
0.239873 0.440092 0.073307
0.240481 0.418628 0.067357
0.241089 0.506579 0.084880
0.241697 0.413661 0.079137
0.242304 0.507609 0.073514
0.242912 0.490367 0.099250
0.243520 0.436986 0.079119
0.244128 0.520310 0.066803
0.244736 0.524579 0.064296
0.245344 0.508135 0.070005
0.245952 0.544413 0.065635
0.246560 0.627062 0.067796
0.247168 0.569331 0.066327
0.247776 0.502676 0.066244
0.248384 0.539603 0.067971
0.248992 0.368527 0.063440
0.249600 0.364934 0.062385
0.250208 0.329062 0.065171
0.250816 0.253648 0.061416
0.251424 0.209518 0.063721
0.252032 0.237106 0.063941
0.252640 0.402264 0.066593
0.253248 0.451810 0.065999
0.253856 0.380921 0.070355
0.254464 0.406845 0.063513
0.255072 0.583749 0.068383
0.255679 0.431732 0.062579
0.256287 0.405683 0.064000
0.256895 0.399430 0.065806
0.257503 0.388820 0.115098
0.258111 0.363537 0.099502
0.258719 0.517921 0.060397
0.259327 0.431621 0.067349
0.259935 0.492891 0.064613
0.260543 0.499588 0.069812
0.261151 0.477958 0.063825
0.261759 0.456417 0.064566
0.262367 0.492555 0.063297
0.262975 0.474312 0.065088
0.263583 0.477337 0.063078
0.264191 0.390965 0.064156
0.264799 0.527390 0.063099
0.265407 0.449022 0.059764
0.266014 0.392070 0.061905
0.266622 0.314962 0.062137
0.267230 0.347562 0.062797
0.267838 0.327029 0.060883
0.268446 0.385947 0.062583
0.269054 0.439408 0.059712
0.269662 0.430605 0.065290
0.270270 0.459816 0.061223
0.270878 0.384720 0.060683
0.271486 0.422393 0.062771
0.272094 0.261694 0.063247
0.272702 0.461935 0.058336
0.273310 0.370219 0.059062
0.273918 0.388267 0.063103
0.274526 0.418168 0.058054
0.275133 0.441999 0.060995
0.275741 0.411023 0.059138
0.276349 0.385656 0.057727
0.276957 0.437633 0.061041
0.277565 0.376096 0.057825
0.278173 0.502943 0.075950
0.278781 0.392846 0.143405
0.279389 0.328984 0.106373
0.279997 0.416465 0.109656
0.280605 0.400180 0.077914
0.281213 0.368343 0.060243
0.281821 0.446199 0.060493
0.282429 0.314135 0.059979
0.283036 0.345053 0.058744
0.283644 0.402133 0.055963
0.284252 0.471066 0.061427
0.284860 0.331702 0.061345
0.285468 0.421381 0.057830
0.286076 0.384318 0.058167
0.286684 0.458071 0.063495
0.287292 0.428313 0.057132
0.287900 0.395995 0.062142
0.288508 0.446408 0.061008
0.289116 0.407329 0.081497
0.289723 0.496581 0.057889
0.290331 0.506264 0.057025
0.290939 0.440520 0.058932
0.291547 0.322993 0.060204
0.292155 0.273110 0.058601
0.292763 0.258396 0.056385
0.293371 0.279042 0.056135
0.293979 0.402691 0.057200
0.294587 0.484936 0.057596
0.295195 0.422360 0.056991
0.295803 0.444113 0.057533
0.296410 0.477084 0.054412
0.297018 0.489376 0.056094
0.297626 0.434878 0.056173
0.298234 0.412261 0.056620
0.298842 0.408413 0.053990
0.299450 0.273629 0.058028
0.300058 0.294385 0.052709
0.300666 0.358162 0.056914
0.301274 0.297056 0.053475
0.301881 0.308142 0.056893
0.302489 0.363000 0.055070
0.303097 0.439430 0.051568
0.303705 0.370050 0.054053
0.304313 0.474138 0.053878
0.304921 0.275041 0.053706
0.305529 0.321429 0.051438
0.306137 0.228211 0.053794
0.306745 0.214245 0.052530
0.307353 0.288612 0.057387
0.307960 0.255547 0.053949
0.308568 0.359925 0.053678
0.309176 0.439077 0.053191
0.309784 0.325102 0.057409
0.310392 0.456579 0.051242
0.311000 0.422598 0.055673
0.311608 0.475633 0.050350
0.312216 0.350768 0.053264
0.312823 0.344740 0.053234
0.313431 0.392323 0.050515
0.314039 0.331644 0.051022
0.314647 0.325286 0.052724
0.315255 0.315597 0.052100
0.315863 0.310628 0.056570
0.316471 0.344201 0.065527
0.317079 0.346424 0.065733
0.317686 0.354885 0.068498
0.318294 0.517468 0.070647
0.318902 0.489017 0.078018
0.319510 0.379015 0.071546
0.320118 0.361020 0.081826
0.320726 0.203181 0.087484
0.321334 0.206190 0.107011
0.321942 0.089683 0.134464
0.322549 0.353837 0.363992
