0.010641 18.158388 5.905880
0.011250 19.655406 3.894284
0.011858 18.397027 1.935092
0.012466 21.333170 2.139557
0.013074 24.457327 2.190497
0.013682 24.604880 1.830580
0.014290 19.645149 1.996216
0.014898 24.669804 1.644914
0.015506 19.814792 1.581232
0.016114 18.995764 1.777911
0.016722 22.619003 1.798031
0.017330 21.584953 1.134781
0.017938 18.663859 1.733903
0.018546 20.167968 1.150611
0.019155 20.009590 1.127439
0.019763 21.081586 0.818681
0.020371 20.047888 0.853181
0.020979 18.189051 1.089826
0.021587 19.433428 0.639819
0.022195 19.164413 1.057460
0.022803 19.018765 0.826101
0.023411 18.848862 0.968769
0.024019 17.879096 0.610033
0.024627 17.577877 0.668351
0.025235 16.563948 0.668982
0.025843 16.814888 0.675343
0.026452 16.401153 0.484905
0.027060 16.932051 0.604937
0.027668 16.457556 0.476105
0.028276 16.152280 0.550641
0.028884 16.974937 0.532909
0.029492 16.284863 0.600422
0.030100 16.961831 0.539867
0.030708 15.057596 0.588445
0.031316 15.758500 0.602493
0.031924 14.575457 0.577235
0.032532 14.230951 0.586743
0.033140 13.745487 0.494534
0.033748 12.755712 0.582982
0.034357 13.461079 0.463686
0.034965 13.283935 0.471555
0.035573 12.995173 0.476196
0.036181 14.130077 0.515028
0.036789 13.191199 0.480609
0.037397 14.291710 0.533890
0.038005 13.029389 0.526649
0.038613 12.938190 0.426946
0.039221 12.575556 0.536126
0.039829 12.207220 0.496192
0.040437 11.576114 0.469251
0.041045 11.523097 0.393067
0.041654 11.201675 0.511385
0.042262 10.921861 0.381915
0.042870 10.763144 0.486283
0.043478 11.034449 0.438504
0.044086 10.823048 0.445301
0.044694 10.934646 0.400346
0.045302 10.263802 0.451282
0.045910 10.024739 0.357059
0.046518 10.491050 0.330529
0.047126 9.586670 0.361295
0.047734 9.872477 0.370009
0.048342 9.363106 0.397107
0.048950 9.618759 0.365677
0.049559 10.093256 0.336872
0.050167 9.683804 0.370268
0.050775 9.522881 0.355289
0.051383 8.970437 0.319854
0.051991 8.956279 0.325161
0.052599 8.477030 0.315379
0.053207 8.139237 0.320985
0.053815 8.571561 0.352015
0.054423 8.261710 0.374303
0.055031 8.514559 0.362939
0.055639 8.601168 0.331369
0.056247 8.369845 0.347213
0.056855 8.477089 0.326770
0.057463 7.870569 0.335052
0.058072 7.612369 0.313578
0.058680 7.617604 0.327779
0.059288 6.913247 0.314712
0.059896 7.283644 0.327322
0.060504 6.454179 0.344282
0.061112 6.511117 0.345834
0.061720 5.687773 0.334027
0.062328 6.448686 0.362720
0.062936 6.397808 0.322290
0.063544 6.337625 0.346385
0.064152 6.782670 0.367419
0.064760 6.705131 0.315332
0.065368 6.906810 0.283669
0.065977 6.112150 0.281239
0.066585 5.700706 0.320675
0.067193 5.677128 0.292578
0.067801 5.498858 0.316641
0.068409 5.769815 0.320418
0.069017 5.797077 0.321820
0.069625 5.435756 0.284290
0.070233 4.877584 0.295924
0.070841 4.781475 0.297798
0.071449 5.349178 0.282114
0.072057 4.994814 0.285205
0.072665 5.061329 0.311807
0.073273 4.758960 0.319994
0.073881 4.999062 0.318884
0.074490 4.197487 0.273637
0.075098 4.127612 0.293306
0.075706 4.094694 0.279359
0.076314 4.137136 0.267006
0.076922 3.827661 0.281984
0.077530 4.241924 0.283943
0.078138 3.616136 0.286759
0.078746 3.536929 0.258782
0.079354 3.751112 0.244477
0.079962 4.211505 0.279622
0.080570 3.950666 0.287248
0.081178 3.961236 0.263512
0.081786 3.352287 0.254399
0.082394 3.562640 0.230386
0.083002 3.331897 0.269713
0.083611 3.612040 0.242817
0.084219 3.484532 0.250307
0.084827 3.495835 0.236058
0.085435 3.232205 0.240838
0.086043 2.952545 0.258897
0.086651 2.592657 0.271332
0.087259 2.530740 0.256753
0.087867 2.825190 0.266978
0.088475 2.778290 0.241195
0.089083 2.514874 0.247414
0.089691 3.011287 0.228203
0.090299 2.612764 0.233003
0.090907 2.490904 0.246514
0.091515 2.029678 0.263382
0.092123 1.939864 0.261873
0.092732 1.920263 0.244395
0.093340 2.034775 0.222723
0.093948 1.986596 0.241655
0.094556 2.024909 0.234208
0.095164 1.753823 0.247335
0.095772 2.173337 0.235275
0.096380 2.143471 0.251208
0.096988 1.830514 0.244499
0.097596 1.641863 0.244151
0.098204 1.492124 0.230561
0.098812 1.771984 0.223609
0.099420 1.550590 0.200412
0.100028 1.541039 0.205005
0.100636 1.904685 0.197084
0.101244 2.067596 0.215991
0.101852 1.490129 0.224520
0.102461 1.732937 0.234972
0.103069 1.238029 0.226947
0.103677 1.436209 0.232018
0.104285 1.575720 0.232494
0.104893 1.787469 0.214178
0.105501 1.538953 0.229784
0.106109 1.250560 0.226860
0.106717 1.115844 0.234136
0.107325 1.030558 0.217596
0.107933 1.131635 0.223129
0.108541 0.881095 0.222400
0.109149 1.121903 0.223465
0.109757 0.674901 0.204455
0.110365 0.638531 0.200936
0.110973 0.895568 0.213911
0.111581 0.842317 0.223644
0.112189 1.200392 0.212197
0.112798 1.029274 0.206784
0.113406 0.764052 0.235560
0.114014 0.880239 0.218444
0.114622 0.938715 0.200045
0.115230 0.685971 0.225375
0.115838 0.425896 0.217718
0.116446 0.837413 0.212814
0.117054 0.601210 0.207497
0.117662 0.546918 0.191512
0.118878 0.180374 0.212429
0.119486 0.324267 0.225229
0.120094 0.146567 0.201565
0.120702 0.331815 0.212975
0.121310 0.587418 0.241530
0.121918 0.652446 0.295135
0.122526 0.362781 0.326588
0.123134 0.598332 0.497859
0.123742 0.054216 0.230486
0.124351 0.151126 0.202279
0.124959 0.299288 0.195449
0.125567 0.257266 0.193351
0.126175 0.441343 0.188266
0.126783 0.317669 0.198098
0.127391 0.202725 0.188535
0.129215 0.320236 0.199183
0.129823 0.393726 0.189497
0.130431 0.526816 0.185637
0.132863 0.011319 0.203981
0.133471 0.019833 0.190917
0.134079 0.377880 0.199418
0.134687 0.005852 0.210501
0.135903 0.093454 0.187306
0.136511 0.205897 0.202311
0.138336 0.141955 0.187005
0.138944 0.073130 0.187725
0.139552 0.333255 0.211016
0.141376 0.039395 0.197118
0.143200 0.342351 0.197883
0.144416 0.197097 0.204732
0.145024 0.117124 0.186405
0.146240 0.058272 0.199675
0.146848 0.145077 0.187377
0.149280 0.003791 0.182935
0.149888 0.008039 0.224666
0.152928 0.106121 0.181000
0.154145 0.000847 0.179330
0.155969 0.076681 0.168383
0.157185 0.046835 0.178787
0.158401 0.205551 0.159440
0.159009 0.033854 0.181361
0.160833 0.055825 0.161368
0.168129 0.209847 0.174682
0.168737 0.083588 0.161998
0.169345 0.271989 0.167529
0.169953 0.121519 0.170367
0.176641 0.014106 0.865101
0.177858 0.026731 0.161143
0.178466 0.257378 0.175893
0.179074 0.248875 0.173019
0.179682 0.016952 0.174986
0.180898 0.035769 0.172792
0.181506 0.071916 0.168163
0.182722 0.035585 0.166376
0.188802 0.142447 0.161661
0.193666 0.074871 0.151895
0.194274 0.065523 0.145739
0.194882 0.042182 0.153472
0.202786 0.137617 0.150008
0.204610 0.150066 0.149657
0.206434 0.009570 0.147212
0.207650 0.031310 0.149908
0.208866 0.060326 0.140846
0.220418 0.254816 0.140743
0.223457 0.006400 0.134187
0.224673 0.032688 0.138926
0.227105 0.015314 0.137691
0.228321 0.170352 0.140520
0.230145 0.044890 0.142684
0.231361 0.193411 0.140879
0.233185 0.014188 0.148919
0.233793 0.022980 0.148204
0.235617 0.031986 0.140706
0.236225 0.002171 0.138801
0.240481 0.040916 0.136785
0.241089 0.073955 0.135709
0.245344 0.068299 0.134633
0.245952 0.006035 0.132726
0.247168 0.023875 0.131485
0.248992 0.044391 0.137281
0.255679 0.178506 0.131643
0.256287 0.001100 0.117461
0.256895 0.043532 0.210614
0.257503 0.199199 0.569290
0.259935 0.109065 0.150857
0.260543 0.093312 0.265254
0.261759 0.073069 0.131273
0.266014 0.117908 0.131399
0.266622 0.058469 0.126755
0.290331 0.051052 0.113366
0.291547 0.011365 0.115779
0.292155 0.052927 0.120176
0.292763 0.001154 0.113788
0.293371 0.061988 0.113990
0.311608 0.163029 0.104234
0.321334 0.103872 0.207227
