# SAXS profile: number of points = 496, q_min = 0.022805, q_max = 0.32379, delta_q = 0.000608050505050505
# offset = 0.00000000000000, scaling c = 8.97694474513734e-07, Chi = 1.31185804617415
#  q       exp_intensity   model_intensity
0.02280    3.78596000      3.78014367     
0.02341    3.72607000      3.76674239     
0.02402    3.76454000      3.75316173     
0.02463    3.70630000      3.73910303     
0.02524    3.70586000      3.72485469     
0.02584    3.70613000      3.71030948     
0.02645    3.69353000      3.69538513     
0.02706    3.67170000      3.68031652     
0.02767    3.67483000      3.66482784     
0.02828    3.65387000      3.64913171     
0.02889    3.67973000      3.63318930     
0.02949    3.61790000      3.61688488     
0.03010    3.64139000      3.60042417     
0.03071    3.60389000      3.58360264     
0.03132    3.56608000      3.56653126     
0.03193    3.57432000      3.54928626     
0.03254    3.52302000      3.53168177     
0.03314    3.48559000      3.51393386     
0.03375    3.52069000      3.49587905     
0.03436    3.47221000      3.47759608     
0.03497    3.45400000      3.45915485     
0.03558    3.45155000      3.44035793     
0.03618    3.43557000      3.42140006     
0.03679    3.43371000      3.40222060     
0.03740    3.42408000      3.38281033     
0.03801    3.47996000      3.36327561     
0.03862    3.46088000      3.34340879     
0.03922    3.35947000      3.32342126     
0.03983    3.32118000      3.30322680     
0.04044    3.36272000      3.28280775     
0.04105    3.26523000      3.26224510     
0.04166    3.26422000      3.24144107     
0.04226    3.28865000      3.22051181     
0.04287    3.24882000      3.19942046     
0.04348    3.20925000      3.17811356     
0.04409    3.17277000      3.15671194     
0.04470    3.13807000      3.13508992     
0.04530    3.15486000      3.11334320     
0.04591    3.15289000      3.09143661     
0.04652    3.15047000      3.06936659     
0.04713    3.08220000      3.04721667     
0.04774    3.03637000      3.02489378     
0.04835    3.04935000      3.00245442     
0.04895    3.03196000      2.97992686     
0.04956    3.01308000      2.95721975     
0.05017    2.94414000      2.93444799     
0.05078    2.91209000      2.91150986     
0.05139    2.87529000      2.88850276     
0.05199    2.81911000      2.86543475     
0.05260    2.83563000      2.84221674     
0.05321    2.81021000      2.81894903     
0.05382    2.82574000      2.79559018     
0.05443    2.78557000      2.77214274     
0.05504    2.76402000      2.74865122     
0.05564    2.71482000      2.72501402     
0.05625    2.68501000      2.70137509     
0.05686    2.68072000      2.67767892     
0.05747    2.62419000      2.65391465     
0.05808    2.64437000      2.63012081     
0.05868    2.57809000      2.60626252     
0.05929    2.52802000      2.58237510     
0.05990    2.49849000      2.55845616     
0.06051    2.48483000      2.53449742     
0.06112    2.47963000      2.51048466     
0.06173    2.47084000      2.48648294     
0.06233    2.44043000      2.46246903     
0.06294    2.41160000      2.43844505     
0.06355    2.46049000      2.41440851     
0.06416    2.39723000      2.39037157     
0.06477    2.35142000      2.36633736     
0.06537    2.35380000      2.34231117     
0.06598    2.32379000      2.31825054     
0.06659    2.28776000      2.29425276     
0.06720    2.26485000      2.27026789     
0.06781    2.22800000      2.24630830     
0.06841    2.20370000      2.22238200     
0.06902    2.17847000      2.19847341     
0.06963    2.13783000      2.17462077     
0.07024    2.13859000      2.15079561     
0.07085    2.13613000      2.12697407     
0.07146    2.10668000      2.10325223     
0.07206    2.08022000      2.07956038     
0.07267    2.08547000      2.05595171     
0.07328    2.04353000      2.03238988     
0.07389    1.98434000      2.00888328     
0.07450    1.96430000      1.98546708     
0.07510    1.92149000      1.96209203     
0.07571    1.89109000      1.93881758     
0.07632    1.88510000      1.91557491     
0.07693    1.84515000      1.89243357     
0.07754    1.86021000      1.86941513     
0.07814    1.83315000      1.84644846     
0.07875    1.83421000      1.82359540     
0.07936    1.77192000      1.80083703     
0.07997    1.73202000      1.77814391     
0.08058    1.71258000      1.75560995     
0.08118    1.69141000      1.73313735     
0.08179    1.69496000      1.71074901     
0.08240    1.67520000      1.68851843     
0.08301    1.67314000      1.66635314     
0.08362    1.66939000      1.64437605     
0.08422    1.64778000      1.62247265     
0.08483    1.61285000      1.60069467     
0.08544    1.57587000      1.57906581     
0.08605    1.57079000      1.55751055     
0.08666    1.54131000      1.53611540     
0.08727    1.51521000      1.51485068     
0.08787    1.50668000      1.49370849     
0.08848    1.48174000      1.47274564     
0.08909    1.49792000      1.45186400     
0.08970    1.41472000      1.43117987     
0.09031    1.41704000      1.41061435     
0.09091    1.37262000      1.39016590     
0.09152    1.38344000      1.36992562     
0.09213    1.36778000      1.34974005     
0.09274    1.34457000      1.32978305     
0.09335    1.34961000      1.30996865     
0.09395    1.32933000      1.29026151     
0.09456    1.27245000      1.27079296     
0.09517    1.27326000      1.25141696     
0.09578    1.22352000      1.23222874     
0.09639    1.19248000      1.21320974     
0.09699    1.18405000      1.19428737     
0.09760    1.16393000      1.17560160     
0.09821    1.14829000      1.15704379     
0.09882    1.14695000      1.13866353     
0.09943    1.11869000      1.12047595     
0.10004    1.10534000      1.10238591     
0.10064    1.09053000      1.08455822     
0.10125    1.07474000      1.06684753     
0.10186    1.06251000      1.04930215     
0.10247    1.02538000      1.03197339     
0.10308    1.01263000      1.01474519     
0.10368    0.99947200      0.99773945     
0.10429    0.97810600      0.98090137     
0.10490    0.95613900      0.96421353     
0.10551    0.95947700      0.94776408     
0.10612    0.93308700      0.93141735     
0.10673    0.93078400      0.91530707     
0.10733    0.90250300      0.89935590     
0.10794    0.87237800      0.88353612     
0.10855    0.86446700      0.86797999     
0.10916    0.83848300      0.85250279     
0.10977    0.83902700      0.83726799     
0.11037    0.83776800      0.82221357     
0.11098    0.83060600      0.80727201     
0.11159    0.80066000      0.79261463     
0.11220    0.78153300      0.77806135     
0.11281    0.76577400      0.76370571     
0.11341    0.75452700      0.74955039     
0.11402    0.73637400      0.73549950     
0.11463    0.72950000      0.72172998     
0.11524    0.71599800      0.70805225     
0.11585    0.69923500      0.69457386     
0.11646    0.68455800      0.68131416     
0.11706    0.67329100      0.66815781     
0.11767    0.66116100      0.65525939     
0.11828    0.63957300      0.64249349     
0.11889    0.62246500      0.62988386     
0.11950    0.62111300      0.61750717     
0.12010    0.60673600      0.60523242     
0.12071    0.58991700      0.59319676     
0.12132    0.58990500      0.58128997     
0.12193    0.57744500      0.56953678     
0.12254    0.55246300      0.55803153     
0.12314    0.54168300      0.54662575     
0.12375    0.53044000      0.53543321     
0.12436    0.51786000      0.52440411     
0.12497    0.51792000      0.51348760     
0.12558    0.49810900      0.50283344     
0.12618    0.48949400      0.49227589     
0.12679    0.48870500      0.48190740     
0.12740    0.47891700      0.47169961     
0.12801    0.45722800      0.46160459     
0.12862    0.44884400      0.45177251     
0.12923    0.44234000      0.44203817     
0.12983    0.42830700      0.43247021     
0.13044    0.41686200      0.42309044     
0.13105    0.41395800      0.41380271     
0.13166    0.40669900      0.40475205     
0.13226    0.39458300      0.39581267     
0.13287    0.38787500      0.38701732     
0.13348    0.37403600      0.37842003     
0.13409    0.36814400      0.36989763     
0.13470    0.35734100      0.36160014     
0.13531    0.35132700      0.35342545     
0.13591    0.34340800      0.34537197     
0.13652    0.33454700      0.33752503     
0.13713    0.32516000      0.32976259     
0.13774    0.32155000      0.32218569     
0.13835    0.31497500      0.31474179     
0.13895    0.30972800      0.30739860     
0.13956    0.30347400      0.30026740     
0.14017    0.29864200      0.29321657     
0.14078    0.28240800      0.28631676     
0.14139    0.27742800      0.27956927     
0.14200    0.26800800      0.27290230     
0.14260    0.25975800      0.26645062     
0.14321    0.24980000      0.26007469     
0.14382    0.25108500      0.25383791     
0.14443    0.24772900      0.24774915     
0.14503    0.24422900      0.24173498     
0.14564    0.23733500      0.23591473     
0.14625    0.23170300      0.23017757     
0.14686    0.22402200      0.22455859     
0.14747    0.21920300      0.21909060     
0.14808    0.21226800      0.21368350     
0.14868    0.20807800      0.20845487     
0.14929    0.20082400      0.20331713     
0.14990    0.19738400      0.19827775     
0.15051    0.19296600      0.19339306     
0.15112    0.18589100      0.18857355     
0.15172    0.17876700      0.18390139     
0.15233    0.17669200      0.17932555     
0.15294    0.17535500      0.17482977     
0.15355    0.17031500      0.17048871     
0.15416    0.16440800      0.16620813     
0.15476    0.16423200      0.16205370     
0.15537    0.16092100      0.15799961     
0.15598    0.15452200      0.15400261     
0.15659    0.14778000      0.15016858     
0.15720    0.14552400      0.14639000     
0.15781    0.13934200      0.14271656     
0.15841    0.13915500      0.13914722     
0.15902    0.13965400      0.13563213     
0.15963    0.13523300      0.13225950     
0.16024    0.13002800      0.12894373     
0.16084    0.12651000      0.12571697     
0.16145    0.12133400      0.12259452     
0.16206    0.11779400      0.11952148     
0.16267    0.12176200      0.11657155     
0.16328    0.11638800      0.11368235     
0.16389    0.11335800      0.11086109     
0.16449    0.11262100      0.10814887     
0.16510    0.10796000      0.10548187     
0.16571    0.10519400      0.10291969     
0.16632    0.10151900      0.10042058     
0.16693    0.10047700      0.09797899     
0.16753    0.09565280      0.09564060     
0.16814    0.09191240      0.09334359     
0.16875    0.08625330      0.09113545     
0.16936    0.08098500      0.08899174     
0.16997    0.08147300      0.08689302     
0.17057    0.08253010      0.08489557     
0.17118    0.08194820      0.08293517     
0.17179    0.08171130      0.08104744     
0.17240    0.08122310      0.07922214     
0.17301    0.08079860      0.07743538     
0.17361    0.07646880      0.07574481     
0.17422    0.07984930      0.07408847     
0.17483    0.07309990      0.07249126     
0.17544    0.07284200      0.07095841     
0.17605    0.07162250      0.06945714     
0.17666    0.07178960      0.06803695     
0.17726    0.06677980      0.06665278     
0.17787    0.06826590      0.06531585     
0.17848    0.06710790      0.06404266     
0.17909    0.06191500      0.06279779     
0.17969    0.06453260      0.06161975     
0.18030    0.05492850      0.06047923     
0.18091    0.05025230      0.05937647     
0.18152    0.05538120      0.05833324     
0.18213    0.05430220      0.05731320     
0.18274    0.05145010      0.05634988     
0.18334    0.05521030      0.05542405     
0.18395    0.05324530      0.05452698     
0.18456    0.05110630      0.05368822     
0.18517    0.04882320      0.05287110     
0.18578    0.04530350      0.05209756     
0.18638    0.04857140      0.05136099     
0.18699    0.04819160      0.05064598     
0.18760    0.04216470      0.04998508     
0.18821    0.04428210      0.04934338     
0.18882    0.04177330      0.04873719     
0.18942    0.04230010      0.04816484     
0.19003    0.04138180      0.04760982     
0.19064    0.04700190      0.04710276     
0.19125    0.04389010      0.04661350     
0.19186    0.04398470      0.04615008     
0.19246    0.04510060      0.04572028     
0.19307    0.04606590      0.04530667     
0.19368    0.04518610      0.04492869     
0.19429    0.04552840      0.04456948     
0.19490    0.04379290      0.04423099     
0.19551    0.04369110      0.04392317     
0.19611    0.04349250      0.04362818     
0.19672    0.04049500      0.04336201     
0.19733    0.04292700      0.04311353     
0.19794    0.04230660      0.04288005     
0.19854    0.04527610      0.04267510     
0.19915    0.04261910      0.04248058     
0.19976    0.04143620      0.04230729     
0.20037    0.04181070      0.04215121     
0.20098    0.04298050      0.04200627     
0.20158    0.04475770      0.04188573     
0.20219    0.04496180      0.04177389     
0.20280    0.04370680      0.04167869     
0.20341    0.04034170      0.04159843     
0.20402    0.04070910      0.04152604     
0.20463    0.04399740      0.04147427     
0.20523    0.04406370      0.04142955     
0.20584    0.04400000      0.04139614     
0.20645    0.04390640      0.04137646     
0.20706    0.04226160      0.04136312     
0.20767    0.04432680      0.04136435     
0.20827    0.04200620      0.04137291     
0.20888    0.04056760      0.04139040     
0.20949    0.03644640      0.04141774     
0.21010    0.03596310      0.04144960     
0.21071    0.04037900      0.04149262     
0.21131    0.03705280      0.04154127     
0.21192    0.04287270      0.04159519     
0.21253    0.04233240      0.04165744     
0.21314    0.04431330      0.04172302     
0.21375    0.04361080      0.04179579     
0.21435    0.04292650      0.04187344     
0.21496    0.03812960      0.04195459     
0.21557    0.03852580      0.04204144     
0.21618    0.03778540      0.04213030     
0.21679    0.04132960      0.04222309     
0.21739    0.03810750      0.04231907     
0.21800    0.03872350      0.04241678     
0.21861    0.04179830      0.04251769     
0.21922    0.03894620      0.04261980     
0.21983    0.03621040      0.04272404     
0.22043    0.03767110      0.04283000     
0.22104    0.03819870      0.04293675     
0.22165    0.03553460      0.04304480     
0.22226    0.03577860      0.04315280     
0.22287    0.03815000      0.04326072     
0.22347    0.03672410      0.04336837     
0.22408    0.04049130      0.04347615     
0.22469    0.03567000      0.04358390     
0.22530    0.03575280      0.04369025     
0.22591    0.03714530      0.04379513     
0.22651    0.03621190      0.04389915     
0.22712    0.03860240      0.04400237     
0.22773    0.03763180      0.04410303     
0.22834    0.03631110      0.04420167     
0.22895    0.03604800      0.04429871     
0.22956    0.03862060      0.04439268     
0.23016    0.04256680      0.04448521     
0.23077    0.04322250      0.04457458     
0.23138    0.03753890      0.04466081     
0.23199    0.04026080      0.04474515     
0.23259    0.03857350      0.04482478     
0.23320    0.03957400      0.04490255     
0.23381    0.04417550      0.04497683     
0.23442    0.04276940      0.04504617     
0.23503    0.04226000      0.04511304     
0.23564    0.03812180      0.04517516     
0.23624    0.03920940      0.04523444     
0.23685    0.03964050      0.04528947     
0.23746    0.03848480      0.04533971     
0.23807    0.03946480      0.04538754     
0.23867    0.04131550      0.04542856     
0.23928    0.04040450      0.04546630     
0.23989    0.03759230      0.04550027     
0.24050    0.03820230      0.04552886     
0.24111    0.03711130      0.04555487     
0.24172    0.03720930      0.04557426     
0.24232    0.03884980      0.04558938     
0.24293    0.04234350      0.04560074     
0.24354    0.04327500      0.04560563     
0.24415    0.04326380      0.04560765     
0.24476    0.04124160      0.04560324     
0.24536    0.04441700      0.04559426     
0.24597    0.04371530      0.04558221     
0.24658    0.04505330      0.04556275     
0.24719    0.04780800      0.04554036     
0.24779    0.04411020      0.04551224     
0.24840    0.04566470      0.04547853     
0.24901    0.04514120      0.04544184     
0.24962    0.04609860      0.04539766     
0.25023    0.04780390      0.04535034     
0.25083    0.04376270      0.04529772     
0.25144    0.04784620      0.04524003     
0.25205    0.04337300      0.04517973     
0.25266    0.04407110      0.04511161     
0.25327    0.04417710      0.04504024     
0.25388    0.04778130      0.04496471     
0.25448    0.04553860      0.04488279     
0.25509    0.04313720      0.04479811     
0.25570    0.03841720      0.04470714     
0.25631    0.03877680      0.04461230     
0.25692    0.03873620      0.04451368     
0.25752    0.03474530      0.04440928     
0.25813    0.04097750      0.04430237     
0.25874    0.04083730      0.04418974     
0.25935    0.03842360      0.04407329     
0.25995    0.04023110      0.04395397     
0.26056    0.04005860      0.04382791     
0.26117    0.03703900      0.04369967     
0.26178    0.04255380      0.04356720     
0.26239    0.04169420      0.04343017     
0.26299    0.04005940      0.04329053     
0.26360    0.04394520      0.04314548     
0.26421    0.04245850      0.04299830     
0.26482    0.04387130      0.04284719     
0.26543    0.04334280      0.04269199     
0.26604    0.04335670      0.04253479     
0.26664    0.03862420      0.04237322     
0.26725    0.04169110      0.04220952     
0.26786    0.04197680      0.04204278     
0.26847    0.03990440      0.04187205     
0.26908    0.03752320      0.04169959     
0.26968    0.04160580      0.04152335     
0.27029    0.04163080      0.04134486     
0.27090    0.04087250      0.04116393     
0.27151    0.03952560      0.04098087     
0.27211    0.04033110      0.04079642     
0.27272    0.04303350      0.04060787     
0.27333    0.04064610      0.04041727     
0.27394    0.04041090      0.04022497     
0.27455    0.03897750      0.04003123     
0.27515    0.03913950      0.03983656     
0.27576    0.03992870      0.03963836     
0.27637    0.04101510      0.03943930     
0.27698    0.03911580      0.03923968     
0.27759    0.03542790      0.03903795     
0.27819    0.03689270      0.03883539     
0.27880    0.03987670      0.03863121     
0.27941    0.03908810      0.03842631     
0.28002    0.03960520      0.03822101     
0.28063    0.03948830      0.03801406     
0.28123    0.04104960      0.03780694     
0.28184    0.04242220      0.03759957     
0.28245    0.03900840      0.03739157     
0.28306    0.03517910      0.03718330     
0.28367    0.03906750      0.03697454     
0.28427    0.03855110      0.03676591     
0.28488    0.04003870      0.03655746     
0.28549    0.04193960      0.03634901     
0.28610    0.03722680      0.03614064     
0.28671    0.03889490      0.03593264     
0.28731    0.03871490      0.03572528     
0.28792    0.03912950      0.03551853     
0.28853    0.03755400      0.03531284     
0.28914    0.03588700      0.03510749     
0.28975    0.03513360      0.03490278     
0.29035    0.03465810      0.03469941     
0.29096    0.03426700      0.03449700     
0.29157    0.03093800      0.03429691     
0.29218    0.03395730      0.03409717     
0.29279    0.03412020      0.03389878     
0.29339    0.03664530      0.03370182     
0.29400    0.03553030      0.03350565     
0.29461    0.03465070      0.03331304     
0.29522    0.03442910      0.03312125     
0.29583    0.03795490      0.03293094     
0.29643    0.03460620      0.03274302     
0.29704    0.03790380      0.03255632     
0.29765    0.03642220      0.03237329     
0.29826    0.03582580      0.03219171     
0.29886    0.03580330      0.03201209     
0.29947    0.03495830      0.03183572     
0.30008    0.03400240      0.03166077     
0.30069    0.03561060      0.03148901     
0.30130    0.03904710      0.03131943     
0.30190    0.03771810      0.03115212     
0.30251    0.03793850      0.03098893     
0.30312    0.03898690      0.03082762     
0.30373    0.04047140      0.03066942     
0.30434    0.03792630      0.03051402     
0.30494    0.03424370      0.03036088     
0.30555    0.03749900      0.03021203     
0.30616    0.03434920      0.03006514     
0.30677    0.03729730      0.02992248     
0.30738    0.03700820      0.02978290     
0.30798    0.03893090      0.02964522     
0.30859    0.03681690      0.02951295     
0.30920    0.03513100      0.02938253     
0.30981    0.03624140      0.02925556     
0.31042    0.03576810      0.02913294     
0.31102    0.03235500      0.02901252     
0.31163    0.03077950      0.02889712     
0.31224    0.03221460      0.02878436     
0.31285    0.03264830      0.02867522     
0.31345    0.03428310      0.02857035     
0.31406    0.03115150      0.02846751     
0.31467    0.03150300      0.02836977     
0.31528    0.03344090      0.02827506     
0.31589    0.03329970      0.02818391     
0.31650    0.03382300      0.02809777     
0.31710    0.03715360      0.02801367     
0.31771    0.03363570      0.02793400     
0.31832    0.03667120      0.02785824     
0.31893    0.03613520      0.02778601     
0.31954    0.03581670      0.02771851     
0.32014    0.03326470      0.02765322     
0.32075    0.03239770      0.02759263     
0.32136    0.03543840      0.02753592     
0.32197    0.03564860      0.02748192     
0.32257    0.03506560      0.02743326     
0.32318    0.03397560      0.02738687     
0.32379    0.03256550      0.02734507     
