 Merge of: p3_A6_3.mccd p3_A6_2.mccd p3_A7_2.mccd p3_A10_2.mcc p4_H7_2.mccd p4_H8_2.mccd                                                                                                                                                                        
p3_A6_3.mccd  Conc = .10E+01  Mult = .10E+01  N1 =   12  N2 =  170  SCALE =  1
p3_A6_2.mccd  Conc = .10E+01  Mult = .96E+00  N1 =   20  N2 =  508  SCALE =  1
p3_A7_2.mccd  Conc = .10E+01  Mult = .66E+00  N1 =   75  N2 =  510  SCALE =  1
p3_A10_2.mcc  Conc = .10E+01  Mult = .32E+00  N1 =   52  N2 =  510  SCALE =  1
p4_H7_2.mccd  Conc = .10E+01  Mult = .82E+00  N1 =   72  N2 =  510  SCALE =  1
p4_H8_2.mccd  Conc = .10E+01  Mult = .33E+00  N1 =   52  N2 =  510  SCALE =  1
 0.173300E-01  0.543704E+02  0.121193E+01
 0.179380E-01  0.523169E+02  0.905651E+00
 0.185460E-01  0.532051E+02  0.988247E+00
 0.191550E-01  0.509613E+02  0.875020E+00
 0.197630E-01  0.506264E+02  0.931767E+00
 0.203710E-01  0.486128E+02  0.735815E+00
 0.209790E-01  0.468357E+02  0.781865E+00
 0.215870E-01  0.459223E+02  0.554788E+00
 0.221950E-01  0.456019E+02  0.425185E+00
 0.228030E-01  0.447898E+02  0.307224E+00
 0.234110E-01  0.437429E+02  0.321358E+00
 0.240190E-01  0.425616E+02  0.282787E+00
 0.246270E-01  0.419007E+02  0.287783E+00
 0.252350E-01  0.408821E+02  0.261961E+00
 0.258430E-01  0.400633E+02  0.290345E+00
 0.264520E-01  0.390205E+02  0.257631E+00
 0.270600E-01  0.381595E+02  0.254546E+00
 0.276680E-01  0.366781E+02  0.230834E+00
 0.282760E-01  0.361609E+02  0.219240E+00
 0.288840E-01  0.352208E+02  0.219199E+00
 0.294920E-01  0.342981E+02  0.234578E+00
 0.301000E-01  0.334780E+02  0.247620E+00
 0.307080E-01  0.327617E+02  0.234479E+00
 0.313160E-01  0.319577E+02  0.223631E+00
 0.319240E-01  0.312652E+02  0.204782E+00
 0.325320E-01  0.305095E+02  0.186408E+00
 0.331400E-01  0.299754E+02  0.187087E+00
 0.337480E-01  0.290225E+02  0.212727E+00
 0.343570E-01  0.281816E+02  0.197865E+00
 0.349650E-01  0.273565E+02  0.183542E+00
 0.355730E-01  0.270470E+02  0.191744E+00
 0.361810E-01  0.263524E+02  0.182134E+00
 0.367890E-01  0.260731E+02  0.171598E+00
 0.373970E-01  0.254151E+02  0.159589E+00
 0.380050E-01  0.246718E+02  0.150160E+00
 0.386130E-01  0.242313E+02  0.165533E+00
 0.392210E-01  0.238177E+02  0.159646E+00
 0.398290E-01  0.234644E+02  0.150294E+00
 0.404370E-01  0.227369E+02  0.156946E+00
 0.410450E-01  0.219775E+02  0.107910E+00
 0.416540E-01  0.217112E+02  0.823269E-01
 0.422620E-01  0.210966E+02  0.863008E-01
 0.428700E-01  0.205082E+02  0.912184E-01
 0.434780E-01  0.199572E+02  0.835646E-01
 0.440860E-01  0.195891E+02  0.755353E-01
 0.446940E-01  0.191277E+02  0.710935E-01
 0.453020E-01  0.187667E+02  0.668860E-01
 0.459100E-01  0.183654E+02  0.686509E-01
 0.465180E-01  0.180495E+02  0.675106E-01
 0.471260E-01  0.176582E+02  0.708022E-01
 0.477340E-01  0.172195E+02  0.712740E-01
 0.483420E-01  0.168440E+02  0.727931E-01
 0.489500E-01  0.163890E+02  0.693264E-01
 0.495590E-01  0.160484E+02  0.710277E-01
 0.501670E-01  0.158038E+02  0.627184E-01
 0.507750E-01  0.153895E+02  0.658865E-01
 0.513830E-01  0.151150E+02  0.639824E-01
 0.519910E-01  0.147090E+02  0.622792E-01
 0.525990E-01  0.144721E+02  0.594182E-01
 0.532070E-01  0.142092E+02  0.602005E-01
 0.538150E-01  0.139786E+02  0.498019E-01
 0.544230E-01  0.136799E+02  0.509417E-01
 0.550310E-01  0.134338E+02  0.511713E-01
 0.556390E-01  0.132239E+02  0.433659E-01
 0.562470E-01  0.129743E+02  0.473717E-01
 0.568550E-01  0.127330E+02  0.454639E-01
 0.574630E-01  0.124440E+02  0.407111E-01
 0.580720E-01  0.121035E+02  0.423334E-01
 0.586800E-01  0.119515E+02  0.430488E-01
 0.592880E-01  0.117055E+02  0.404370E-01
 0.598960E-01  0.115154E+02  0.389380E-01
 0.605040E-01  0.113350E+02  0.391947E-01
 0.611120E-01  0.111041E+02  0.402136E-01
 0.617200E-01  0.108720E+02  0.399275E-01
 0.623280E-01  0.107509E+02  0.394612E-01
 0.629360E-01  0.105605E+02  0.371226E-01
 0.635440E-01  0.103989E+02  0.389313E-01
 0.641520E-01  0.101962E+02  0.381121E-01
 0.647600E-01  0.100272E+02  0.396375E-01
 0.653680E-01  0.979944E+01  0.385387E-01
 0.659770E-01  0.967337E+01  0.366958E-01
 0.665850E-01  0.947923E+01  0.366240E-01
 0.671930E-01  0.939283E+01  0.365409E-01
 0.678010E-01  0.917919E+01  0.395020E-01
 0.684090E-01  0.902850E+01  0.372185E-01
 0.690170E-01  0.889967E+01  0.365670E-01
 0.696250E-01  0.874493E+01  0.372735E-01
 0.702330E-01  0.860067E+01  0.398630E-01
 0.708410E-01  0.848092E+01  0.405234E-01
 0.714490E-01  0.834009E+01  0.378912E-01
 0.720570E-01  0.824973E+01  0.358391E-01
 0.726650E-01  0.808009E+01  0.375696E-01
 0.732730E-01  0.797363E+01  0.340513E-01
 0.738810E-01  0.776445E+01  0.329271E-01
 0.744900E-01  0.763157E+01  0.338897E-01
 0.750980E-01  0.750613E+01  0.342485E-01
 0.757060E-01  0.741901E+01  0.341233E-01
 0.763140E-01  0.730037E+01  0.324725E-01
 0.769220E-01  0.717026E+01  0.328079E-01
 0.775300E-01  0.702832E+01  0.328265E-01
 0.781380E-01  0.692079E+01  0.346195E-01
 0.787460E-01  0.681416E+01  0.328587E-01
 0.793540E-01  0.665918E+01  0.320257E-01
 0.799620E-01  0.654081E+01  0.324018E-01
 0.805700E-01  0.636841E+01  0.310974E-01
 0.811780E-01  0.627727E+01  0.294744E-01
 0.817860E-01  0.617973E+01  0.313354E-01
 0.823940E-01  0.610783E+01  0.294257E-01
 0.830020E-01  0.603429E+01  0.306765E-01
 0.836110E-01  0.591238E+01  0.322733E-01
 0.842190E-01  0.580700E+01  0.303740E-01
 0.848270E-01  0.569855E+01  0.286662E-01
 0.854350E-01  0.561092E+01  0.290817E-01
 0.860430E-01  0.548994E+01  0.292634E-01
 0.866510E-01  0.539918E+01  0.282797E-01
 0.872590E-01  0.531666E+01  0.274071E-01
 0.878670E-01  0.522330E+01  0.268835E-01
 0.884750E-01  0.509321E+01  0.277708E-01
 0.890830E-01  0.505448E+01  0.280729E-01
 0.896910E-01  0.496392E+01  0.296935E-01
 0.902990E-01  0.489489E+01  0.287082E-01
 0.909070E-01  0.480732E+01  0.305426E-01
 0.915150E-01  0.471392E+01  0.285428E-01
 0.921230E-01  0.461313E+01  0.291613E-01
 0.927320E-01  0.454893E+01  0.278237E-01
 0.933400E-01  0.445464E+01  0.289487E-01
 0.939480E-01  0.438602E+01  0.285314E-01
 0.945560E-01  0.432072E+01  0.294063E-01
 0.951640E-01  0.427076E+01  0.281805E-01
 0.957720E-01  0.418879E+01  0.266228E-01
 0.963800E-01  0.411268E+01  0.261254E-01
 0.969880E-01  0.407427E+01  0.267774E-01
 0.975960E-01  0.395818E+01  0.278238E-01
 0.982040E-01  0.392696E+01  0.271276E-01
 0.988120E-01  0.387224E+01  0.281673E-01
 0.994200E-01  0.376658E+01  0.262339E-01
 0.100028E+00  0.370644E+01  0.267442E-01
 0.100636E+00  0.363761E+01  0.270444E-01
 0.101244E+00  0.356525E+01  0.246164E-01
 0.101852E+00  0.347756E+01  0.250774E-01
 0.102461E+00  0.343302E+01  0.255400E-01
 0.103069E+00  0.341036E+01  0.258896E-01
 0.103677E+00  0.334734E+01  0.277958E-01
 0.104285E+00  0.327543E+01  0.264999E-01
 0.104893E+00  0.321044E+01  0.246990E-01
 0.105501E+00  0.313632E+01  0.272387E-01
 0.106109E+00  0.311109E+01  0.256528E-01
 0.106717E+00  0.305121E+01  0.258228E-01
 0.107325E+00  0.302170E+01  0.250761E-01
 0.107933E+00  0.296779E+01  0.244976E-01
 0.108541E+00  0.291072E+01  0.246104E-01
 0.109149E+00  0.284509E+01  0.255428E-01
 0.109757E+00  0.278667E+01  0.256802E-01
 0.110365E+00  0.276496E+01  0.240275E-01
 0.110973E+00  0.273399E+01  0.243423E-01
 0.111581E+00  0.266506E+01  0.240956E-01
 0.112189E+00  0.261378E+01  0.245486E-01
 0.112798E+00  0.258259E+01  0.250721E-01
 0.113406E+00  0.253395E+01  0.267616E-01
 0.114014E+00  0.248031E+01  0.124975E-01
 0.114622E+00  0.244099E+01  0.129646E-01
 0.115230E+00  0.239512E+01  0.129186E-01
 0.115838E+00  0.235141E+01  0.122058E-01
 0.116446E+00  0.230965E+01  0.123899E-01
 0.117054E+00  0.226221E+01  0.121661E-01
 0.117662E+00  0.220859E+01  0.123162E-01
 0.118270E+00  0.217076E+01  0.130190E-01
 0.118878E+00  0.213296E+01  0.120751E-01
 0.119486E+00  0.209370E+01  0.123225E-01
 0.120094E+00  0.205988E+01  0.124614E-01
 0.120702E+00  0.201406E+01  0.127213E-01
 0.121310E+00  0.198364E+01  0.122949E-01
 0.121918E+00  0.196398E+01  0.122001E-01
 0.122526E+00  0.192276E+01  0.117476E-01
 0.123134E+00  0.189532E+01  0.116372E-01
 0.123742E+00  0.189542E+01  0.124977E-01
 0.124351E+00  0.186322E+01  0.127009E-01
 0.124959E+00  0.183123E+01  0.125027E-01
 0.125567E+00  0.180819E+01  0.121631E-01
 0.126175E+00  0.176931E+01  0.120422E-01
 0.126783E+00  0.175218E+01  0.114661E-01
 0.127391E+00  0.167501E+01  0.122599E-01
 0.127999E+00  0.164220E+01  0.116366E-01
 0.128607E+00  0.161136E+01  0.119681E-01
 0.129215E+00  0.159071E+01  0.120388E-01
 0.129823E+00  0.156238E+01  0.116997E-01
 0.130431E+00  0.153559E+01  0.120242E-01
 0.131039E+00  0.150128E+01  0.120576E-01
 0.131647E+00  0.146890E+01  0.117952E-01
 0.132255E+00  0.145521E+01  0.123934E-01
 0.132863E+00  0.144049E+01  0.117760E-01
 0.133471E+00  0.142435E+01  0.115743E-01
 0.134079E+00  0.139491E+01  0.114231E-01
 0.134687E+00  0.137210E+01  0.114914E-01
 0.135295E+00  0.135877E+01  0.112894E-01
 0.135903E+00  0.133077E+01  0.115198E-01
 0.136511E+00  0.131546E+01  0.117241E-01
 0.137119E+00  0.128846E+01  0.115960E-01
 0.137728E+00  0.125945E+01  0.116932E-01
 0.138336E+00  0.123758E+01  0.111650E-01
 0.138944E+00  0.123748E+01  0.110553E-01
 0.139552E+00  0.122228E+01  0.112447E-01
 0.140160E+00  0.121129E+01  0.117427E-01
 0.140768E+00  0.117191E+01  0.113874E-01
 0.141376E+00  0.115703E+01  0.118000E-01
 0.141984E+00  0.113277E+01  0.118172E-01
 0.142592E+00  0.109283E+01  0.111933E-01
 0.143200E+00  0.108534E+01  0.110562E-01
 0.143808E+00  0.107416E+01  0.111697E-01
 0.144416E+00  0.107773E+01  0.111142E-01
 0.145024E+00  0.105092E+01  0.112426E-01
 0.145632E+00  0.103695E+01  0.112592E-01
 0.146240E+00  0.105091E+01  0.111523E-01
 0.146848E+00  0.101564E+01  0.111951E-01
 0.147456E+00  0.997110E+00  0.112634E-01
 0.148064E+00  0.986515E+00  0.106395E-01
 0.148672E+00  0.967709E+00  0.108902E-01
 0.149280E+00  0.946503E+00  0.110171E-01
 0.149888E+00  0.947318E+00  0.105527E-01
 0.150496E+00  0.940500E+00  0.105387E-01
 0.151104E+00  0.902835E+00  0.110123E-01
 0.151712E+00  0.870913E+00  0.109715E-01
 0.152320E+00  0.874722E+00  0.104015E-01
 0.152928E+00  0.858687E+00  0.104308E-01
 0.153537E+00  0.845725E+00  0.103124E-01
 0.154145E+00  0.837042E+00  0.100874E-01
 0.154753E+00  0.835979E+00  0.101424E-01
 0.155361E+00  0.818751E+00  0.100660E-01
 0.155969E+00  0.824772E+00  0.102246E-01
 0.156577E+00  0.804695E+00  0.105566E-01
 0.157185E+00  0.795720E+00  0.102967E-01
 0.157793E+00  0.787185E+00  0.104870E-01
 0.158401E+00  0.780757E+00  0.107106E-01
 0.159009E+00  0.781408E+00  0.103761E-01
 0.159617E+00  0.763351E+00  0.100915E-01
 0.160225E+00  0.760283E+00  0.101209E-01
 0.160833E+00  0.748695E+00  0.998190E-02
 0.161441E+00  0.732561E+00  0.102572E-01
 0.162049E+00  0.734588E+00  0.104301E-01
 0.162657E+00  0.739043E+00  0.990781E-02
 0.163265E+00  0.717063E+00  0.975105E-02
 0.163873E+00  0.713289E+00  0.986704E-02
 0.164481E+00  0.694635E+00  0.993739E-02
 0.165089E+00  0.689151E+00  0.971425E-02
 0.165697E+00  0.693294E+00  0.982435E-02
 0.166305E+00  0.675013E+00  0.981473E-02
 0.166913E+00  0.673903E+00  0.983783E-02
 0.167521E+00  0.686253E+00  0.989137E-02
 0.168129E+00  0.660680E+00  0.970367E-02
 0.168737E+00  0.659850E+00  0.972600E-02
 0.169345E+00  0.652893E+00  0.965365E-02
 0.169953E+00  0.654051E+00  0.101520E+00
 0.170561E+00  0.650318E+00  0.268767E+00
 0.171169E+00  0.636692E+00  0.291650E+00
 0.171777E+00  0.614093E+00  0.281505E+00
 0.172385E+00  0.608433E+00  0.271134E+00
 0.172993E+00  0.604574E+00  0.114078E+00
 0.173601E+00  0.606706E+00  0.221337E-01
 0.174209E+00  0.587207E+00  0.993104E-02
 0.174817E+00  0.585226E+00  0.101019E-01
 0.175425E+00  0.570911E+00  0.100991E-01
 0.176033E+00  0.567322E+00  0.103816E-01
 0.176641E+00  0.578390E+00  0.984443E-02
 0.177250E+00  0.570554E+00  0.102001E-01
 0.177858E+00  0.555672E+00  0.126102E-01
 0.178466E+00  0.564992E+00  0.115137E-01
 0.179074E+00  0.542707E+00  0.101094E-01
 0.179682E+00  0.554924E+00  0.969700E-02
 0.180290E+00  0.547029E+00  0.980495E-02
 0.180898E+00  0.545197E+00  0.973480E-02
 0.181506E+00  0.538999E+00  0.980000E-02
 0.182114E+00  0.523080E+00  0.969744E-02
 0.182722E+00  0.527655E+00  0.959121E-02
 0.183330E+00  0.509519E+00  0.957667E-02
 0.183938E+00  0.497295E+00  0.979175E-02
 0.184546E+00  0.511835E+00  0.927697E-02
 0.185154E+00  0.509553E+00  0.954812E-02
 0.185762E+00  0.513840E+00  0.942969E-02
 0.186370E+00  0.507914E+00  0.964686E-02
 0.186978E+00  0.498620E+00  0.943466E-02
 0.187586E+00  0.498342E+00  0.945214E-02
 0.188194E+00  0.497803E+00  0.891852E-02
 0.188802E+00  0.509499E+00  0.929168E-02
 0.189410E+00  0.494373E+00  0.947646E-02
 0.190018E+00  0.478704E+00  0.909674E-02
 0.190626E+00  0.475532E+00  0.921914E-02
 0.191234E+00  0.452304E+00  0.889535E-02
 0.191842E+00  0.457075E+00  0.912818E-02
 0.192450E+00  0.461788E+00  0.911997E-02
 0.193058E+00  0.465936E+00  0.930409E-02
 0.193666E+00  0.457902E+00  0.942084E-02
 0.194274E+00  0.480130E+00  0.924831E-02
 0.194882E+00  0.462978E+00  0.912532E-02
 0.195490E+00  0.479844E+00  0.895916E-02
 0.196098E+00  0.468351E+00  0.912871E-02
 0.196706E+00  0.470831E+00  0.891848E-02
 0.197314E+00  0.458351E+00  0.894863E-02
 0.197922E+00  0.454583E+00  0.878145E-02
 0.198530E+00  0.446034E+00  0.907409E-02
 0.199138E+00  0.448304E+00  0.906487E-02
 0.199746E+00  0.442008E+00  0.915526E-02
 0.200354E+00  0.431678E+00  0.905603E-02
 0.200962E+00  0.431969E+00  0.888605E-02
 0.201570E+00  0.417934E+00  0.878910E-02
 0.202178E+00  0.436715E+00  0.854540E-02
 0.202786E+00  0.415275E+00  0.872848E-02
 0.203394E+00  0.426810E+00  0.887233E-02
 0.204002E+00  0.421611E+00  0.878196E-02
 0.204610E+00  0.414935E+00  0.860936E-02
 0.205218E+00  0.420534E+00  0.865688E-02
 0.205826E+00  0.409934E+00  0.866938E-02
 0.206434E+00  0.398369E+00  0.883074E-02
 0.207042E+00  0.407248E+00  0.912725E-02
 0.207650E+00  0.398190E+00  0.101373E-01
 0.208258E+00  0.401425E+00  0.954183E-02
 0.208866E+00  0.393750E+00  0.954391E-02
 0.209474E+00  0.408889E+00  0.871405E-02
 0.210082E+00  0.407881E+00  0.844658E-02
 0.210690E+00  0.407383E+00  0.847748E-02
 0.211298E+00  0.414976E+00  0.844610E-02
 0.211906E+00  0.403118E+00  0.836278E-02
 0.212514E+00  0.401515E+00  0.857083E-02
 0.213122E+00  0.404942E+00  0.862799E-02
 0.213730E+00  0.406236E+00  0.838019E-02
 0.214338E+00  0.392126E+00  0.832296E-02
 0.214946E+00  0.383153E+00  0.839217E-02
 0.215554E+00  0.362915E+00  0.837400E-02
 0.216162E+00  0.366984E+00  0.860755E-02
 0.216770E+00  0.364023E+00  0.830729E-02
 0.217378E+00  0.362658E+00  0.811250E-02
 0.217986E+00  0.382922E+00  0.835915E-02
 0.218594E+00  0.375806E+00  0.818674E-02
 0.219202E+00  0.376089E+00  0.851337E-02
 0.219810E+00  0.362828E+00  0.862278E-02
 0.220418E+00  0.356317E+00  0.867470E-02
 0.221025E+00  0.351265E+00  0.851966E-02
 0.221633E+00  0.365321E+00  0.824013E-02
 0.222241E+00  0.372050E+00  0.832029E-02
 0.222849E+00  0.363569E+00  0.835823E-02
 0.223457E+00  0.374519E+00  0.856164E-02
 0.224065E+00  0.375184E+00  0.811903E-02
 0.224673E+00  0.377550E+00  0.805432E-02
 0.225281E+00  0.370433E+00  0.841077E-02
 0.225889E+00  0.360607E+00  0.807616E-02
 0.226497E+00  0.378475E+00  0.820203E-02
 0.227105E+00  0.365694E+00  0.833822E-02
 0.227713E+00  0.367373E+00  0.821127E-02
 0.228321E+00  0.356208E+00  0.816788E-02
 0.228929E+00  0.348893E+00  0.826242E-02
 0.229537E+00  0.350509E+00  0.837014E-02
 0.230145E+00  0.346679E+00  0.815661E-02
 0.230753E+00  0.350984E+00  0.829033E-02
 0.231361E+00  0.353101E+00  0.805699E-02
 0.231969E+00  0.350973E+00  0.793065E-02
 0.232577E+00  0.350609E+00  0.802757E-02
 0.233185E+00  0.350872E+00  0.815526E-02
 0.233793E+00  0.361415E+00  0.805316E-02
 0.234401E+00  0.361951E+00  0.823764E-02
 0.235009E+00  0.354845E+00  0.807964E-02
 0.235617E+00  0.364185E+00  0.792667E-02
 0.236225E+00  0.344183E+00  0.800269E-02
 0.236833E+00  0.352489E+00  0.790489E-02
 0.237441E+00  0.356829E+00  0.800501E-02
 0.238049E+00  0.356032E+00  0.808311E-02
 0.238657E+00  0.359777E+00  0.782112E-02
 0.239265E+00  0.365845E+00  0.778996E-02
 0.239873E+00  0.365141E+00  0.802343E-02
 0.240481E+00  0.354764E+00  0.776751E-02
 0.241089E+00  0.343638E+00  0.761980E-02
 0.241697E+00  0.335888E+00  0.796094E-02
 0.242304E+00  0.340404E+00  0.782154E-02
 0.242912E+00  0.347610E+00  0.792272E-02
 0.243520E+00  0.352957E+00  0.785205E-02
 0.244128E+00  0.351400E+00  0.780497E-02
 0.244736E+00  0.346528E+00  0.786505E-02
 0.245344E+00  0.346628E+00  0.787304E-02
 0.245952E+00  0.346152E+00  0.788380E-02
 0.246560E+00  0.348710E+00  0.791895E-02
 0.247168E+00  0.345282E+00  0.787239E-02
 0.247776E+00  0.333189E+00  0.779647E-02
 0.248384E+00  0.338728E+00  0.767903E-02
 0.248992E+00  0.334743E+00  0.804601E-02
 0.249600E+00  0.336455E+00  0.790732E-02
 0.250208E+00  0.343593E+00  0.778814E-02
 0.250816E+00  0.353915E+00  0.765994E-02
 0.251424E+00  0.339960E+00  0.776864E-02
 0.252032E+00  0.338733E+00  0.767825E-02
 0.252640E+00  0.340587E+00  0.821134E-02
 0.253248E+00  0.326459E+00  0.915026E-02
 0.253856E+00  0.326379E+00  0.802568E-02
 0.254464E+00  0.324996E+00  0.800879E-02
 0.255072E+00  0.325656E+00  0.784858E-02
 0.255679E+00  0.329481E+00  0.770561E-02
 0.256287E+00  0.328881E+00  0.790201E-02
 0.256895E+00  0.334673E+00  0.760687E-02
 0.257503E+00  0.320078E+00  0.765996E-02
 0.258111E+00  0.310053E+00  0.760127E-02
 0.258719E+00  0.314877E+00  0.742076E-02
 0.259327E+00  0.314670E+00  0.770334E-02
 0.259935E+00  0.308882E+00  0.763524E-02
 0.260543E+00  0.314643E+00  0.746200E-02
 0.261151E+00  0.324368E+00  0.738868E-02
 0.261759E+00  0.321685E+00  0.767687E-02
 0.262367E+00  0.312775E+00  0.749078E-02
 0.262975E+00  0.310290E+00  0.759286E-02
 0.263583E+00  0.316368E+00  0.775858E-02
 0.264191E+00  0.325151E+00  0.761468E-02
 0.264799E+00  0.314476E+00  0.774606E-02
 0.265407E+00  0.310185E+00  0.766612E-02
 0.266014E+00  0.316301E+00  0.734321E-02
 0.266622E+00  0.302140E+00  0.754564E-02
 0.267230E+00  0.311197E+00  0.741339E-02
 0.267838E+00  0.311617E+00  0.740468E-02
 0.268446E+00  0.313131E+00  0.755173E-02
 0.269054E+00  0.325606E+00  0.755418E-02
 0.269662E+00  0.322050E+00  0.809642E-02
 0.270270E+00  0.334924E+00  0.756337E-02
 0.270878E+00  0.326241E+00  0.755436E-02
 0.271486E+00  0.320445E+00  0.719231E-02
 0.272094E+00  0.329785E+00  0.716647E-02
 0.272702E+00  0.325985E+00  0.723427E-02
 0.273310E+00  0.324294E+00  0.708720E-02
 0.273918E+00  0.316303E+00  0.750266E-02
 0.274526E+00  0.306396E+00  0.885420E-02
 0.275133E+00  0.303451E+00  0.117244E-01
 0.275741E+00  0.308780E+00  0.839486E-02
 0.276349E+00  0.306716E+00  0.834885E-02
 0.276957E+00  0.308445E+00  0.738183E-02
 0.277565E+00  0.302747E+00  0.725798E-02
 0.278173E+00  0.312119E+00  0.741127E-02
 0.278781E+00  0.312852E+00  0.719079E-02
 0.279389E+00  0.317958E+00  0.712232E-02
 0.279997E+00  0.321346E+00  0.907417E-02
 0.280605E+00  0.318331E+00  0.136234E-01
 0.281213E+00  0.312876E+00  0.117952E-01
 0.281821E+00  0.315527E+00  0.108584E-01
 0.282429E+00  0.315977E+00  0.821428E-02
 0.283036E+00  0.307003E+00  0.782897E-02
 0.283644E+00  0.308244E+00  0.732903E-02
 0.284252E+00  0.314020E+00  0.698562E-02
 0.284860E+00  0.313805E+00  0.711630E-02
 0.285468E+00  0.305525E+00  0.705280E-02
 0.286076E+00  0.304866E+00  0.681590E-02
 0.286684E+00  0.314642E+00  0.678204E-02
 0.287292E+00  0.311092E+00  0.694735E-02
 0.287900E+00  0.324938E+00  0.688898E-02
 0.288508E+00  0.314765E+00  0.695037E-02
 0.289116E+00  0.311689E+00  0.709777E-02
 0.289723E+00  0.318804E+00  0.672507E-02
 0.290331E+00  0.310599E+00  0.683815E-02
 0.290939E+00  0.307522E+00  0.684462E-02
 0.291547E+00  0.305209E+00  0.677702E-02
 0.292155E+00  0.311109E+00  0.671586E-02
 0.292763E+00  0.303000E+00  0.670078E-02
 0.293371E+00  0.316107E+00  0.667752E-02
 0.293979E+00  0.304426E+00  0.672683E-02
 0.294587E+00  0.300522E+00  0.682896E-02
 0.295195E+00  0.302602E+00  0.661358E-02
 0.295803E+00  0.295490E+00  0.655211E-02
 0.296410E+00  0.304187E+00  0.669975E-02
 0.297018E+00  0.306903E+00  0.654785E-02
 0.297626E+00  0.308179E+00  0.659542E-02
 0.298234E+00  0.301238E+00  0.661848E-02
 0.298842E+00  0.312427E+00  0.650091E-02
 0.299450E+00  0.320941E+00  0.661433E-02
 0.300058E+00  0.318890E+00  0.651201E-02
 0.300666E+00  0.313381E+00  0.656817E-02
 0.301274E+00  0.305743E+00  0.651776E-02
 0.301881E+00  0.304798E+00  0.643573E-02
 0.302489E+00  0.291088E+00  0.635485E-02
 0.303097E+00  0.303315E+00  0.625971E-02
 0.303705E+00  0.304394E+00  0.648164E-02
 0.304313E+00  0.302552E+00  0.628138E-02
 0.304921E+00  0.319467E+00  0.636911E-02
 0.305529E+00  0.312353E+00  0.634144E-02
 0.306137E+00  0.323563E+00  0.630017E-02
 0.306745E+00  0.313723E+00  0.620763E-02
 0.307353E+00  0.320097E+00  0.647802E-02
 0.307960E+00  0.323495E+00  0.650081E-02
 0.308568E+00  0.316099E+00  0.695215E-02
 0.309176E+00  0.322603E+00  0.653192E-02
 0.309784E+00  0.316689E+00  0.653939E-02
 0.310392E+00  0.315958E+00  0.644365E-02
 0.311000E+00  0.318237E+00  0.659310E-02
 0.311608E+00  0.311593E+00  0.626589E-02
 0.312216E+00  0.304723E+00  0.641509E-02
 0.312823E+00  0.307655E+00  0.631443E-02
 0.313431E+00  0.308565E+00  0.637927E-02
 0.314039E+00  0.311929E+00  0.671218E-02
 0.314647E+00  0.312035E+00  0.722885E-02
 0.315255E+00  0.322003E+00  0.743205E-02
 0.315863E+00  0.319204E+00  0.806545E-02
 0.316471E+00  0.314575E+00  0.844211E-02
 0.317079E+00  0.319750E+00  0.889637E-02
 0.317686E+00  0.324233E+00  0.986528E-02
 0.318294E+00  0.311598E+00  0.108695E-01
 0.318902E+00  0.303970E+00  0.115784E-01
 0.319510E+00  0.316437E+00  0.138532E-01
---------Y:\Desktop\SAXS\LBL_1220_2009\dat\p3_A6_3.mccd.dat-------------------
---------Y:\Desktop\SAXS\LBL_1220_2009\dat\p3_A6_2.mccd.dat-------------------
---------Y:\Desktop\SAXS\LBL_1220_2009\dat\p3_A7_2.mccd.dat-------------------
---------Y:\Desktop\SAXS\LBL_1220_2009\dat\p3_A10_2.mccd.dat-------------------
---------Y:\Desktop\SAXS\LBL_1220_2009\dat\p4_H7_2.mccd.dat-------------------
---------Y:\Desktop\SAXS\LBL_1220_2009\dat\p4_H8_2.mccd.dat-------------------
