0.010641 90.625161 1.249292
0.011250 96.662865 1.954580
0.011858 98.847835 3.903457
0.012466 94.939556 1.079239
0.013074 94.247014 2.866376
0.013682 91.969375 1.067888
0.014290 91.245071 1.685701
0.014898 89.401718 1.190656
0.015506 88.746043 1.116736
0.016114 87.322080 0.767888
0.016722 86.154501 0.818157
0.017330 83.561616 0.913560
0.017938 84.650794 0.838595
0.018546 82.734883 0.832659
0.019155 81.326070 1.086719
0.019763 82.498784 0.987529
0.020371 80.211385 0.960490
0.020979 78.539300 0.861057
0.021587 77.935205 0.772532
0.022195 76.863514 0.853610
0.022803 75.041006 0.883863
0.023411 74.759506 0.872242
0.024019 73.013692 0.717745
0.024627 72.115714 0.743603
0.025235 70.838043 0.650100
0.025843 70.271755 0.731241
0.026452 68.748778 0.685481
0.027060 68.595632 0.673988
0.027668 66.342010 0.614965
0.028276 66.315553 0.684053
0.028884 64.268965 0.663265
0.029492 63.706403 0.565854
0.030100 62.537150 0.672851
0.030708 61.658505 0.537964
0.031316 60.876807 0.623555
0.031924 60.194870 0.449660
0.032532 58.757635 0.556929
0.033140 57.008732 0.453043
0.033748 56.556175 0.528938
0.034357 55.082565 0.485198
0.034965 54.382466 0.520184
0.035573 53.754928 0.454309
0.036181 53.375706 0.453067
0.036789 51.747565 0.436129
0.037397 51.308557 0.472597
0.038005 50.296437 0.460709
0.038613 49.378721 0.383562
0.039221 48.650082 0.426564
0.039829 48.025541 0.389177
0.040437 47.296681 0.436675
0.041045 45.960535 0.383431
0.041654 45.912866 0.399426
0.042262 44.506725 0.387147
0.042870 44.379063 0.414571
0.043478 42.921646 0.339465
0.044086 42.100245 0.382374
0.044694 41.674831 0.376749
0.045302 40.897193 0.367799
0.045910 39.376774 0.343964
0.046518 39.240363 0.374515
0.047126 38.494827 0.312925
0.047734 38.045641 0.321887
0.048342 37.422085 0.335208
0.048950 36.731723 0.263219
0.049559 36.554068 0.320235
0.050167 35.702993 0.294291
0.050775 34.893930 0.305911
0.051383 33.898521 0.284507
0.051991 33.961256 0.304107
0.052599 32.775531 0.296248
0.053207 32.382422 0.281693
0.053815 31.944245 0.296263
0.054423 31.229463 0.286396
0.055031 30.725687 0.313110
0.055639 30.447537 0.278725
0.056247 29.738735 0.268103
0.056855 28.828743 0.235160
0.057463 28.078254 0.258230
0.058072 27.830656 0.224361
0.058680 27.527434 0.234505
0.059288 26.630415 0.236044
0.059896 26.172272 0.241437
0.060504 25.427210 0.219666
0.061112 25.664012 0.238486
0.061720 24.679456 0.200612
0.062328 24.779923 0.242348
0.062936 23.748008 0.209681
0.063544 23.332515 0.234891
0.064152 22.855066 0.214452
0.064760 22.805558 0.227762
0.065368 21.745518 0.213411
0.065977 21.512204 0.215199
0.066585 21.021924 0.223111
0.067193 20.772979 0.232600
0.067801 20.473324 0.238330
0.068409 19.974728 0.197946
0.069017 19.596262 0.214145
0.069625 19.093758 0.193914
0.070233 18.632041 0.218562
0.070841 18.293425 0.182471
0.071449 18.555049 0.195547
0.072057 17.737703 0.185410
0.072665 17.314543 0.160681
0.073273 17.019130 0.170667
0.073881 16.847031 0.156977
0.074490 16.300883 0.171396
0.075098 16.361277 0.176469
0.075706 15.675518 0.168755
0.076314 15.147817 0.159952
0.076922 14.905232 0.162771
0.077530 14.514735 0.154402
0.078138 14.504308 0.152779
0.078746 14.247191 0.153608
0.079354 14.191912 0.151396
0.079962 13.585631 0.149438
0.080570 13.420677 0.141745
0.081178 12.905406 0.151394
0.081786 12.802424 0.152395
0.082394 12.699232 0.146699
0.083002 12.564498 0.144784
0.083611 12.195210 0.136713
0.084219 11.883144 0.139413
0.084827 11.628745 0.163543
0.085435 11.395017 0.150619
0.086043 11.373942 0.138343
0.086651 11.001357 0.137612
0.087259 11.030080 0.140704
0.087867 10.779525 0.131941
0.088475 10.839111 0.141721
0.089083 10.420272 0.144999
0.089691 10.252809 0.140153
0.090299 9.864562 0.137717
0.090907 9.487830 0.125547
0.091515 9.527192 0.133616
0.092123 9.125097 0.124457
0.092732 8.827850 0.142303
0.093340 8.839505 0.121972
0.093948 8.588990 0.130894
0.094556 8.280716 0.132128
0.095164 8.318773 0.119784
0.095772 8.013577 0.120184
0.096380 7.806489 0.119550
0.096988 7.792160 0.126073
0.097596 7.880986 0.138527
0.098204 7.465792 0.120182
0.098812 7.501808 0.125645
0.099420 7.026400 0.117889
0.100028 6.951629 0.116837
0.100636 6.713269 0.118536
0.101244 6.485793 0.127423
0.101852 6.731625 0.123109
0.102461 6.384146 0.114756
0.103069 6.554285 0.131359
0.103677 6.310191 0.117356
0.104285 6.391273 0.113868
0.104893 6.116810 0.109911
0.105501 6.073905 0.113620
0.106109 5.823626 0.109457
0.106717 5.792148 0.117401
0.107325 5.396755 0.109391
0.107933 5.758924 0.110126
0.108541 5.492818 0.107694
0.109149 5.593049 0.113679
0.109757 5.164561 0.110887
0.110365 5.259803 0.111506
0.110973 5.023722 0.104630
0.111581 4.910951 0.103780
0.112189 4.893672 0.116970
0.112798 4.728532 0.110049
0.113406 4.436648 0.113939
0.114014 4.448010 0.106836
0.114622 4.265845 0.113277
0.115230 4.229756 0.102901
0.115838 4.281451 0.105006
0.116446 4.033297 0.095906
0.117054 4.077353 0.106627
0.117662 3.933119 0.098409
0.118270 3.927102 0.096376
0.118878 3.919643 0.102859
0.119486 3.826970 0.097379
0.120094 3.788996 0.091874
0.120702 3.541177 0.093558
0.121310 3.696249 0.103643
0.121918 3.419676 0.103722
0.122526 3.423245 0.101221
0.123134 3.192144 0.110347
0.123742 3.022964 0.097526
0.124351 2.910040 0.089926
0.124959 2.949643 0.093545
0.125567 3.032031 0.097091
0.126175 2.761123 0.091482
0.126783 3.037530 0.102823
0.127391 2.681400 0.093990
0.127999 2.876095 0.099848
0.128607 2.510229 0.093255
0.129215 2.728913 0.096918
0.129823 2.508142 0.094649
0.130431 2.713217 0.094260
0.131039 2.501377 0.099103
0.131647 2.477928 0.101458
0.132255 2.436665 0.099025
0.132863 2.389648 0.092229
0.133471 2.245104 0.099237
0.134079 2.099496 0.100948
0.134687 2.254299 0.099442
0.135295 2.029758 0.094179
0.135903 2.017020 0.101926
0.136511 2.074310 0.097346
0.137119 1.989178 0.090398
0.137728 1.767911 0.095713
0.138336 1.881691 0.092810
0.138944 1.945617 0.087270
0.139552 1.890751 0.096802
0.140160 1.850509 0.089556
0.140768 1.736330 0.099758
0.141376 1.652083 0.093032
0.141984 1.636932 0.096469
0.142592 1.706992 0.102847
0.143200 1.729155 0.093945
0.143808 1.494566 0.093798
0.144416 1.599838 0.101840
0.145024 1.444650 0.089724
0.145632 1.569561 0.092849
0.146240 1.347338 0.092909
0.146848 1.434978 0.094840
0.147456 1.421128 0.097363
0.148064 1.380371 0.092248
0.148672 1.236566 0.092772
0.149280 1.280242 0.093088
0.149888 1.228393 0.089356
0.150496 1.298159 0.085041
0.151104 1.267739 0.087421
0.151712 1.109337 0.088146
0.152320 1.281859 0.087816
0.152928 1.038853 0.083855
0.153537 1.085373 0.083494
0.154145 1.073238 0.089565
0.154753 1.267493 0.088473
0.155361 1.167813 0.090766
0.155969 1.088254 0.089096
0.156577 0.966320 0.090668
0.157185 1.065871 0.083058
0.157793 0.852566 0.088187
0.158401 0.874305 0.085825
0.159009 0.885383 0.081887
0.159617 0.971425 0.085705
0.160225 0.850224 0.086070
0.160833 0.862324 0.075635
0.161441 0.827377 0.085373
0.162049 0.818986 0.085209
0.162657 0.824135 0.080267
0.163265 0.786088 0.082405
0.163873 0.841716 0.081016
0.164481 0.781254 0.074719
0.165089 0.933950 0.078883
0.165697 0.646776 0.085878
0.166305 0.810739 0.081464
0.166913 0.748739 0.081501
0.167521 0.726298 0.081521
0.168129 0.707360 0.080762
0.168737 0.564440 0.080799
0.169345 0.516393 0.084881
0.169953 0.542120 0.086449
0.170561 0.399422 0.083411
0.171169 0.775992 0.080294
0.171777 0.570771 0.086424
0.172385 0.689058 0.080158
0.172993 0.611642 0.080085
0.173601 0.488984 0.084782
0.174209 0.599119 0.082175
0.174817 0.545402 0.080415
0.175425 0.712861 0.083368
0.176033 0.553657 0.085246
0.176641 0.495879 0.081751
0.177250 0.547283 0.084117
0.177858 0.441953 0.077117
0.178466 0.478096 0.088151
0.179074 0.596849 0.080188
0.179682 0.569059 0.082310
0.180290 0.706170 0.083194
0.180898 0.466429 0.084810
0.181506 0.623868 0.081408
0.182114 0.361205 0.078647
0.182722 0.555154 0.085464
0.183330 0.460911 0.080445
0.183938 0.499484 0.084944
0.184546 0.341763 0.077736
0.185154 0.345986 0.083602
0.185762 0.462838 0.079324
0.186370 0.336743 0.077603
0.186978 0.329840 0.073072
0.187586 0.341398 0.076194
0.188194 0.239882 0.113864
0.188802 0.326968 0.365166
0.189410 0.331017 0.369775
0.190018 0.275773 0.100268
0.190626 0.356427 0.090363
0.191234 0.373729 0.083360
0.191842 0.326548 0.072330
0.192450 0.336125 0.071944
0.193058 0.095615 0.073547
0.193666 0.208367 0.077961
0.194274 0.193871 0.074267
0.194882 0.201088 0.072128
0.195490 0.206689 0.077876
0.196098 0.130462 0.076273
0.196706 0.243218 0.077713
0.197314 0.299796 0.077286
0.197922 0.240427 0.074136
0.198530 0.242226 0.074600
0.199138 0.307776 0.076370
0.199746 0.374194 0.071291
0.200354 0.284606 0.076031
0.200962 0.352141 0.068153
0.201570 0.319102 0.094509
0.202178 0.310108 0.076022
0.202786 0.376292 0.075058
0.203394 0.217194 0.082026
0.204002 0.270888 0.077350
0.204610 0.162461 0.076423
0.205218 0.262843 0.071760
0.205826 0.212525 0.070971
0.206434 0.334231 0.070021
0.207042 0.189805 0.071910
0.207650 0.303327 0.071546
0.208258 0.226763 0.072074
0.208866 0.137015 0.070202
0.209474 0.143452 0.070803
0.210082 0.133727 0.072284
0.210690 0.119548 0.068722
0.211298 0.206428 0.074715
0.211906 0.141272 0.070210
0.212514 0.211747 0.073537
0.213122 0.090517 0.072294
0.213730 0.028041 0.070466
0.214338 0.111076 0.072505
0.214946 0.167065 0.068509
0.215554 0.018641 0.074554
0.216162 0.231420 0.070613
0.216770 0.145031 0.070287
0.217378 0.147004 0.069397
0.217986 0.131897 0.072361
0.218594 0.097510 0.071856
0.219202 0.061559 0.076925
0.220418 0.154382 0.072246
0.221025 0.045737 0.071972
0.221633 0.002934 0.064837
0.222241 0.115848 0.065962
0.222849 0.043109 0.067572
0.223457 0.110017 0.065737
0.224065 0.155491 0.072882
0.224673 0.176451 0.068234
0.225281 0.140847 0.068745
0.225889 0.251924 0.067472
0.226497 0.130234 0.066278
0.227105 0.303403 0.068215
0.227713 0.124733 0.073129
0.228321 0.317175 0.067145
0.228929 0.271796 0.066506
0.229537 0.300657 0.067695
0.230145 0.113706 0.068530
0.230753 0.147317 0.071103
0.231361 0.146235 0.072943
0.231969 0.190709 0.065705
0.232577 0.198518 0.083037
0.233185 0.283337 0.070811
0.233793 0.151232 0.065814
0.234401 0.248245 0.066224
0.235009 0.031291 0.066271
0.235617 0.130233 0.066374
0.236833 0.169397 0.067793
0.237441 0.083983 0.068524
0.238049 0.119371 0.061485
0.238657 0.039124 0.070132
0.239265 0.063233 0.064910
0.241697 0.151563 0.062028
0.242304 0.149559 0.066698
0.242912 0.149057 0.062137
0.243520 0.271216 0.066656
0.244128 0.103189 0.061605
0.244736 0.200588 0.066277
0.245344 0.109243 0.066940
0.245952 0.122100 0.066376
0.246560 0.026291 0.063365
0.247168 0.161561 0.065741
0.247776 0.077758 0.063480
0.248384 0.118689 0.064437
0.248992 0.154246 0.069865
0.249600 0.239357 0.065336
0.250208 0.014414 0.065763
0.250816 0.054416 0.065304
0.251424 0.134055 0.065935
0.252032 0.061616 0.065097
0.252640 0.100954 0.067881
0.253248 0.007866 0.062808
0.253856 0.088122 0.069332
0.254464 0.113786 0.064598
0.255072 0.048845 0.065286
0.256895 0.007540 0.066962
0.258111 0.010864 0.063400
0.258719 0.032755 0.063284
0.259327 0.089518 0.062667
0.259935 0.025951 0.060517
0.260543 0.084669 0.065786
0.261151 0.066065 0.060689
0.261759 0.045105 0.065383
0.262367 0.140945 0.064893
0.262975 0.090097 0.064238
0.263583 0.164357 0.060152
0.264191 0.145775 0.059111
0.264799 0.078083 0.060744
0.265407 0.151993 0.063066
0.266014 0.119358 0.060123
0.266622 0.122618 0.070553
0.267230 0.085222 0.063098
0.269054 0.103211 0.062364
0.269662 0.073577 0.059598
0.270270 0.012628 0.060870
0.270878 0.045565 0.071952
0.272094 0.009815 0.068657
0.275741 0.082348 0.057976
0.276349 0.074382 0.060912
0.276957 0.101079 0.057511
0.277565 0.084286 0.060872
0.278781 0.062038 0.059655
0.279389 0.120402 0.058546
0.279997 0.204417 0.072180
0.280605 0.100464 0.163234
0.281213 0.176313 0.133229
0.281821 0.017090 0.062062
0.282429 0.123270 0.059881
0.283644 0.116629 0.055231
0.284860 0.068143 0.058017
0.286076 0.058192 0.058086
0.287292 0.022797 0.054555
0.287900 0.040241 0.059137
0.288508 0.062832 0.054874
0.289116 0.075332 0.060915
0.290939 0.045018 0.057932
0.292155 0.029901 0.056448
0.292763 0.038793 0.055410
0.293371 0.017448 0.056139
0.293979 0.010356 0.054015
0.295195 0.057160 0.062182
0.297018 0.024300 0.055813
0.297626 0.026927 0.053757
0.298842 0.066762 0.054237
0.299450 0.032694 0.056630
0.300058 0.126097 0.052948
0.300666 0.040965 0.055789
0.301274 0.089482 0.052191
0.301881 0.148531 0.055092
0.302489 0.002040 0.055334
0.303097 0.005350 0.052578
0.306745 0.077590 0.051953
0.307960 0.009712 0.050523
0.309176 0.089857 0.051594
0.313431 0.086631 0.062333
0.314039 0.006623 0.056158
0.314647 0.071383 0.062052
0.315255 0.011230 0.054531
0.315863 0.039874 0.058342
0.316471 0.003768 0.061979
0.317079 0.042831 0.057837
0.317686 0.120774 0.066015
0.320118 0.017825 0.092335
