0.010641 18.969941 0.668193
0.011250 9.039413 3.275597
0.011858 9.809476 4.377520
0.012466 10.911355 2.038239
0.013074 11.007267 1.974378
0.013682 14.743623 1.642953
0.014290 15.486230 1.660239
0.014898 15.997768 1.557016
0.015506 15.864825 2.074543
0.016114 16.579723 1.004288
0.016722 13.166823 1.231586
0.017330 12.094456 1.249342
0.017938 14.208672 1.179596
0.018546 13.202869 1.280767
0.019155 11.962726 1.039875
0.019763 12.356731 1.152578
0.020371 10.895818 0.786513
0.020979 11.018969 1.064895
0.021587 10.386474 1.101817
0.022195 12.326992 0.974822
0.022803 10.971824 0.880198
0.023411 11.408632 0.978386
0.024019 10.709155 0.736438
0.024627 9.767788 0.768438
0.025235 11.290045 0.694878
0.025843 11.529191 0.653064
0.026452 10.777234 0.649959
0.027060 10.972942 0.585660
0.027668 10.349877 0.689148
0.028276 10.332055 0.571093
0.028884 10.280372 0.579016
0.029492 9.879666 0.540151
0.030100 9.920380 0.626655
0.030708 9.518368 0.495385
0.031316 8.787215 0.527923
0.031924 9.161375 0.440988
0.032532 9.879585 0.472231
0.033140 8.176696 0.533538
0.033748 7.813573 0.540931
0.034357 8.042859 0.481363
0.034965 7.082776 0.563847
0.035573 8.242701 0.468367
0.036181 7.996228 0.448906
0.036789 7.615241 0.461397
0.037397 7.843715 0.498574
0.038005 7.634239 0.515174
0.038613 7.626590 0.439062
0.039221 7.513799 0.588999
0.039829 6.938575 0.351108
0.040437 7.491047 0.521238
0.041045 6.881502 0.389579
0.041654 7.149786 0.431517
0.042262 6.412374 0.370891
0.042870 7.547689 0.407464
0.043478 6.575304 0.430546
0.044086 6.591294 0.405947
0.044694 6.606124 0.382001
0.045302 6.650863 0.408386
0.045910 6.838026 0.385000
0.046518 6.301801 0.373850
0.047126 6.002076 0.383945
0.047734 6.163315 0.382052
0.048342 5.537703 0.405067
0.048950 5.725489 0.363010
0.049559 4.980447 0.375078
0.050167 4.902777 0.326102
0.050775 4.573730 0.299804
0.051383 5.022544 0.309265
0.051991 4.765290 0.313932
0.052599 5.206322 0.326506
0.053207 4.928728 0.366427
0.053815 5.231778 0.314885
0.054423 5.094541 0.319976
0.055031 5.342673 0.334376
0.055639 4.568006 0.278202
0.056247 4.897787 0.338883
0.056855 4.466336 0.292598
0.057463 4.514217 0.309429
0.058072 4.407553 0.302553
0.058680 4.304999 0.314218
0.059288 4.111851 0.287130
0.059896 4.186940 0.299011
0.060504 4.223484 0.326022
0.061112 4.161822 0.309260
0.061720 3.960432 0.345681
0.062328 3.936145 0.340020
0.062936 4.318660 0.349945
0.063544 3.775069 0.323076
0.064152 3.722808 0.295396
0.064760 4.395275 0.314490
0.065368 3.618971 0.308136
0.065977 4.108230 0.307583
0.066585 4.347206 0.326132
0.067193 3.346822 0.283958
0.067801 3.707524 0.294155
0.068409 3.610465 0.283472
0.069017 3.652003 0.296487
0.069625 2.979311 0.254247
0.070233 3.358158 0.344809
0.070841 2.679139 0.276518
0.071449 3.467544 0.324694
0.072057 2.889027 0.290683
0.072665 3.126011 0.278130
0.073273 3.592048 0.288066
0.073881 3.414957 0.293997
0.074490 3.066768 0.283517
0.075098 3.121582 0.265266
0.075706 2.992056 0.262551
0.076314 2.634347 0.255955
0.076922 2.611710 0.248950
0.077530 2.399397 0.243620
0.078138 2.615997 0.270080
0.078746 2.113554 0.246124
0.079354 2.442663 0.244509
0.079962 2.497154 0.261570
0.080570 2.534022 0.270121
0.081178 2.461846 0.269923
0.081786 2.115270 0.279902
0.082394 2.456681 0.242754
0.083002 2.172606 0.236920
0.083611 2.199922 0.244130
0.084219 1.758500 0.253969
0.084827 2.173156 0.258173
0.085435 1.945877 0.229783
0.086043 1.921724 0.300670
0.086651 2.342794 0.222981
0.087259 1.768026 0.244050
0.087867 2.398440 0.235656
0.088475 2.124736 0.252204
0.089083 2.310654 0.251433
0.089691 1.850301 0.278434
0.090299 1.481999 0.253644
0.090907 1.538883 0.253097
0.091515 1.426217 0.253652
0.092123 1.566172 0.255702
0.092732 1.825280 0.241783
0.093340 1.573965 0.226858
0.093948 1.601438 0.272162
0.094556 1.670903 0.423281
0.095164 1.593474 0.243684
0.095772 1.625061 0.303867
0.096380 1.313451 0.259557
0.096988 1.138766 0.231495
0.097596 1.317512 0.240300
0.098204 1.091475 0.238541
0.098812 1.167733 0.226617
0.099420 1.562337 0.234665
0.100028 1.305356 0.227787
0.100636 1.472093 0.224503
0.101244 1.276083 0.219699
0.101852 1.425519 0.212695
0.102461 1.435759 0.206130
0.103069 1.287676 0.253111
0.103677 1.522911 0.205337
0.104285 0.997930 0.231440
0.104893 1.315794 0.210999
0.105501 1.375206 0.243986
0.106109 1.195525 0.216648
0.106717 0.602758 0.231906
0.107325 0.950850 0.209467
0.107933 1.180420 0.220598
0.108541 0.888773 0.221390
0.109149 1.126384 0.223209
0.109757 1.209504 0.234556
0.110365 0.937943 0.219588
0.110973 1.171253 0.236919
0.111581 1.407098 0.221097
0.112189 1.589299 0.206822
0.112798 1.217983 0.199878
0.113406 0.814255 0.196663
0.114014 0.793735 0.203927
0.114622 0.086497 0.199550
0.115230 0.386488 0.194831
0.115838 0.732211 0.209288
0.116446 0.751840 0.210533
0.117054 0.652069 0.215340
0.117662 0.549747 0.207723
0.118270 0.519498 0.203793
0.118878 0.774358 0.222498
0.119486 1.173104 0.208702
0.120094 0.807094 0.214458
0.120702 0.935129 0.197887
0.121310 0.581150 0.209225
0.121918 0.739128 0.195087
0.122526 1.088717 0.189054
0.123134 0.746977 0.182780
0.123742 0.989576 0.190545
0.124351 0.945749 0.186552
0.124959 0.906208 0.201879
0.125567 0.777334 0.239071
0.126175 0.468351 0.199029
0.126783 0.526041 0.205513
0.127391 0.444604 0.187483
0.127999 0.355248 0.187109
0.128607 0.765364 0.197800
0.129215 0.445567 0.200507
0.129823 0.299658 0.202371
0.130431 0.821664 0.181568
0.131039 0.359086 0.191322
0.131647 0.378707 0.298577
0.132255 0.209584 0.197831
0.132863 0.382168 0.324531
0.133471 0.411942 0.203153
0.134079 0.321358 0.181049
0.134687 0.531002 0.193145
0.135295 0.381657 0.199741
0.135903 0.118451 0.204075
0.136511 0.172052 0.338207
0.137119 0.375984 0.188735
0.137728 0.322590 0.542510
0.138336 0.421532 0.194786
0.138944 0.315448 0.197374
0.139552 0.292075 0.300803
0.140160 0.403716 0.189089
0.140768 0.125632 0.246345
0.141376 0.252938 0.203997
0.141984 0.784903 0.183682
0.142592 0.422822 0.191268
0.143200 0.720320 0.194767
0.143808 0.835902 0.202064
0.144416 0.838128 0.199165
0.145024 0.446943 0.187828
0.145632 0.496050 0.190960
0.146240 0.831484 0.197030
0.146848 0.256223 0.201285
0.147456 0.252083 0.199718
0.148064 0.395847 0.174418
0.148672 0.710748 0.180374
0.149280 0.376894 0.185215
0.149888 0.680492 0.174981
0.150496 0.623420 0.177985
0.151104 0.214842 0.189818
0.151712 0.054931 0.178417
0.152928 0.156176 0.172799
0.153537 0.153647 0.185268
0.154145 0.210174 0.177339
0.155361 0.209257 0.171762
0.156577 0.551492 0.175636
0.157185 0.092511 0.172731
0.157793 0.302578 0.159992
0.158401 0.354222 0.169690
0.159009 0.289972 0.168420
0.159617 0.379558 0.178362
0.160225 0.167322 0.181752
0.160833 0.462611 0.164082
0.161441 0.252943 0.171463
0.162049 0.502388 0.169572
0.162657 0.583104 0.167572
0.163265 0.431267 0.161943
0.163873 0.557002 0.170982
0.164481 0.350006 0.163393
0.165089 0.165806 0.170104
0.165697 0.141544 0.166944
0.166305 0.184487 0.152171
0.166913 0.368383 0.168164
0.167521 0.460942 0.153920
0.168129 0.341947 0.158265
0.168737 0.476277 0.149856
0.169345 0.246345 0.173683
0.169953 0.309542 0.171391
0.170561 0.281061 0.176190
0.171169 0.083946 0.169054
0.171777 0.278762 0.174883
0.172385 0.053426 0.163982
0.172993 0.348390 0.161187
0.173601 0.369910 0.162031
0.174817 0.112841 0.162069
0.177250 0.392525 0.168429
0.177858 0.179979 0.146093
0.178466 0.164304 0.166930
0.179074 0.192003 0.156193
0.180290 0.260229 0.165796
0.181506 0.049167 0.168611
0.182114 0.317683 0.154127
0.182722 0.095369 0.160905
0.183330 0.257628 0.170755
0.183938 0.019300 0.165084
0.184546 0.200457 0.152172
0.185762 0.088502 0.156031
0.186370 0.273598 0.163139
0.186978 0.295843 0.157130
0.187586 0.342351 0.159270
0.188194 0.225950 0.161813
0.188802 0.104121 0.164080
0.189410 0.380990 0.158760
0.190018 0.209107 0.162030
0.190626 0.586933 0.156389
0.191234 0.142918 0.159605
0.191842 0.324538 0.152512
0.192450 0.113597 0.252936
0.193666 0.331941 0.156083
0.194274 0.205113 0.158757
0.194882 0.510846 0.156110
0.195490 0.296505 0.161986
0.196098 0.420231 0.154326
0.196706 0.345625 0.156046
0.197314 0.262270 0.157962
0.198530 0.112692 0.156072
0.199138 0.177756 0.151864
0.199746 0.054205 0.152804
0.200354 0.235000 0.154530
0.201570 0.263403 0.151038
0.202178 0.436197 0.153520
0.203394 0.155980 0.138587
0.204002 0.389208 0.143051
0.204610 0.166401 0.153022
0.205218 0.378870 0.138017
0.205826 0.185011 0.154524
0.206434 0.342408 0.154419
0.208258 0.086572 0.176070
0.209474 0.047093 0.180842
0.210082 0.060870 0.142224
0.210690 0.257931 0.152250
0.211298 0.120790 0.141239
0.211906 0.171118 0.145248
0.212514 0.061867 0.160294
0.213122 0.331800 0.140209
0.213730 0.279579 0.147295
0.214338 0.261761 0.141109
0.214946 0.312961 0.146244
0.215554 0.175233 0.136296
0.216162 0.366204 0.144794
0.216770 0.230414 0.144719
0.217378 0.205537 0.163994
0.217986 0.110557 0.150402
0.218594 0.144565 0.144066
0.219810 0.216400 0.134552
0.221025 0.082743 0.127538
0.221633 0.090354 0.132793
0.222241 0.204718 0.127009
0.224065 0.369228 0.141152
0.224673 0.110590 0.133543
0.225281 0.216051 0.140209
0.226497 0.039946 0.137193
0.227105 0.050893 0.141386
0.227713 0.160575 0.138805
0.228321 0.000846 0.145981
0.228929 0.396770 0.136286
0.229537 0.119930 0.151227
0.230145 0.198614 0.138807
0.231969 0.014578 0.131439
0.233185 0.126249 0.146572
0.233793 0.032115 0.123411
0.236833 0.019448 0.142728
0.237441 0.071665 0.144742
0.238657 0.141542 0.135703
0.239265 0.175307 0.131626
0.239873 0.117222 0.141270
0.240481 0.147110 0.128686
0.241089 0.083595 0.136617
0.241697 0.032270 0.131721
0.242304 0.217338 0.136859
0.242912 0.025606 0.127326
0.243520 0.221658 0.135009
0.244736 0.023808 0.149843
0.246560 0.009777 0.136066
0.247168 0.105138 0.126685
0.248384 0.163403 0.127970
0.248992 0.409785 0.126871
0.249600 0.230782 0.128027
0.250208 0.042773 0.131171
0.250816 0.215614 0.130159
0.251424 0.204568 0.133002
0.252640 0.040097 0.136934
0.253856 0.140038 0.132358
0.255072 0.228329 0.124896
0.256287 0.211497 0.130013
0.256895 0.220375 0.131758
0.257503 0.239978 0.124120
0.258111 0.140045 0.123958
0.258719 0.360540 0.121812
0.259327 0.065536 0.129911
0.259935 0.146262 0.123814
0.260543 0.137796 0.133066
0.261151 0.025786 0.118984
0.261759 0.209597 0.124856
0.262367 0.256818 0.123491
0.262975 0.353559 0.130476
0.263583 0.309731 0.119291
0.264191 0.071834 0.124881
0.264799 0.170322 0.131361
0.265407 0.194047 0.125044
0.266014 0.116107 0.130008
0.266622 0.364107 0.122079
0.267230 0.119159 0.121686
0.267838 0.223250 0.119463
0.268446 0.164618 0.116422
0.269662 0.178351 0.116481
0.270878 0.136332 0.122962
0.271486 0.091986 0.121227
0.272094 0.077794 0.127213
0.272702 0.069962 0.119688
0.273310 0.331495 0.127605
0.273918 0.040663 0.115567
0.274526 0.036447 0.113488
0.275741 0.201883 0.120603
0.277565 0.019989 0.127773
0.278173 0.062085 0.121347
0.278781 0.035805 0.181174
0.279997 0.054557 0.116683
0.281213 0.124411 0.123415
0.281821 0.043408 0.181591
0.283036 0.065115 0.160024
0.283644 0.012412 0.118756
0.284252 0.114410 0.121259
0.285468 0.035049 0.116819
0.286684 0.115607 0.115689
0.287292 0.139550 0.113941
0.287900 0.289450 0.116242
0.288508 0.019685 0.113062
0.289723 0.160140 0.111696
0.290331 0.078435 0.117859
0.291547 0.042512 0.112850
0.292155 0.022988 0.116098
0.292763 0.194760 0.112881
0.293979 0.148598 0.113403
0.295803 0.035827 0.121831
0.296410 0.074277 0.107031
0.297626 0.086112 0.199294
0.298234 0.170377 0.111073
0.298842 0.230690 0.145502
0.299450 0.080291 0.120466
0.300058 0.137737 0.105557
0.300666 0.218281 0.110739
0.301274 0.106616 0.106857
0.301881 0.272943 0.103972
0.302489 0.268725 0.110267
0.303705 0.165325 0.105743
0.304313 0.140040 0.109463
0.304921 0.237138 0.115209
0.305529 0.220172 0.105894
0.306137 0.107956 0.105223
0.306745 0.058850 0.105230
0.307353 0.107718 0.108582
0.307960 0.275547 0.106429
0.308568 0.159092 0.104853
0.309176 0.171743 0.106246
0.309784 0.109356 0.106228
0.310392 0.115611 0.102167
0.311608 0.140265 0.099909
0.312823 0.208512 0.099889
0.313431 0.080609 0.102978
0.314039 0.020364 0.103888
0.315255 0.012086 0.103088
0.315863 0.094011 0.117481
0.316471 0.087792 0.110023
0.317079 0.030028 0.130647
0.317686 0.102995 0.133105
0.318294 0.079706 0.126816
0.318902 0.179397 0.141312
0.319510 0.116278 0.155157
0.320118 0.228381 0.165550
0.320726 0.069322 0.183520
0.321334 0.178665 0.186465
0.322549 0.691396 0.690491
