0.010641 18.297107 4.612835
0.011250 4.870657 2.206193
0.011858 12.820744 5.745836
0.012466 4.176039 2.502443
0.013074 4.591052 2.500581
0.013682 8.524238 2.034428
0.014290 11.452915 2.393707
0.014898 9.793774 2.332383
0.015506 10.480329 1.330347
0.016114 13.181100 1.057610
0.016722 8.201369 0.978674
0.017330 10.071759 1.130525
0.017938 9.599164 1.168037
0.018546 10.443628 1.298235
0.019155 10.149942 1.018402
0.019763 9.731897 0.904680
0.020371 9.026385 1.012798
0.020979 8.299349 1.001711
0.021587 8.601016 0.698301
0.022195 7.810120 0.845032
0.022803 8.737076 0.625248
0.023411 8.220728 0.737820
0.024019 9.839026 0.694698
0.024627 9.599749 0.612948
0.025235 11.465737 0.654478
0.025843 10.182542 0.649430
0.026452 9.784471 0.699197
0.027060 9.126455 0.630221
0.027668 8.650168 0.679452
0.028276 8.881447 0.548356
0.028884 7.956786 0.671414
0.029492 8.727073 0.614264
0.030100 7.845794 0.698865
0.030708 8.319026 0.485184
0.031316 8.332651 0.612208
0.031924 7.789538 0.469713
0.032532 8.373010 0.485121
0.033140 8.276914 0.490584
0.033748 8.876367 0.529994
0.034357 8.311061 0.486816
0.034965 8.529244 0.400923
0.035573 6.988385 0.502977
0.036181 7.334143 0.481901
0.036789 7.084144 0.482487
0.037397 7.890691 0.428430
0.038005 6.794438 0.442229
0.038613 7.072578 0.462109
0.039221 7.082533 0.410265
0.039829 6.179852 0.453788
0.040437 6.748958 0.428081
0.041045 6.263587 0.450173
0.041654 7.128171 0.495239
0.042262 6.143072 0.382951
0.042870 6.334965 0.416091
0.043478 6.274838 0.357891
0.044086 5.415130 0.393220
0.044694 6.318772 0.370329
0.045302 5.183361 0.371273
0.045910 5.743576 0.351960
0.046518 5.412607 0.380264
0.047126 5.809275 0.393342
0.047734 5.558097 0.387621
0.048342 6.538717 0.389923
0.048950 5.442245 0.342063
0.049559 5.912686 0.396121
0.050167 5.860219 0.324164
0.050775 5.218404 0.376097
0.051383 5.453665 0.304638
0.051991 4.615443 0.368427
0.052599 4.497836 0.316587
0.053207 4.470872 0.342517
0.053815 4.434735 0.322702
0.054423 4.715495 0.356662
0.055031 4.174957 0.279052
0.055639 4.102414 0.343602
0.056247 3.690544 0.323207
0.056855 4.189395 0.285271
0.057463 4.359760 0.311003
0.058072 3.272628 0.319411
0.058680 4.039470 0.312315
0.059288 3.331627 0.300236
0.059896 3.655885 0.303579
0.060504 4.119853 0.333130
0.061112 4.123097 0.269165
0.061720 3.927813 0.309938
0.062328 3.846924 0.322930
0.062936 3.576607 0.307397
0.063544 3.675391 0.296094
0.064152 3.858743 0.308917
0.064760 3.494672 0.333595
0.065368 3.216625 0.273553
0.065977 3.224455 0.304840
0.066585 3.857851 0.291633
0.067193 2.941543 0.274109
0.067801 2.773427 0.290115
0.068409 2.985877 0.283485
0.069017 2.629871 0.298858
0.069625 2.775206 0.285248
0.070233 2.486366 0.265025
0.070841 2.533030 0.273406
0.071449 2.331133 0.301885
0.072057 2.625028 0.287887
0.072665 2.999054 0.298715
0.073273 3.071707 0.266320
0.073881 2.094288 0.252869
0.074490 2.483951 0.253139
0.075098 1.851796 0.263351
0.075706 2.658779 0.274069
0.076314 2.291731 0.248381
0.076922 2.594504 0.260273
0.077530 2.436295 0.240081
0.078138 2.007126 0.269747
0.078746 2.854255 0.258759
0.079354 2.161662 0.300781
0.079962 2.076978 0.285925
0.080570 2.225852 0.261521
0.081178 2.128041 0.324874
0.081786 2.032910 0.245426
0.082394 2.515195 0.367686
0.083002 2.416031 0.269082
0.083611 1.715094 0.259127
0.084219 1.754642 0.253318
0.084827 1.972883 0.279465
0.085435 1.827555 0.258440
0.086043 2.055067 0.237877
0.086651 2.154777 0.229903
0.087259 1.767332 0.230677
0.087867 2.268439 0.224039
0.088475 2.174348 0.240932
0.089083 2.106915 0.250852
0.089691 2.434595 0.232504
0.090299 2.561908 0.241740
0.090907 2.127190 0.249742
0.091515 2.163988 0.260337
0.092123 1.632373 0.234619
0.092732 1.261472 0.236658
0.093340 1.477496 0.240728
0.093948 1.101746 0.240374
0.094556 1.564529 0.225455
0.095164 1.370887 0.231621
0.095772 1.525978 0.240444
0.096380 1.288826 0.228587
0.096988 0.995646 0.253844
0.097596 1.264336 0.246608
0.098204 1.329285 0.229315
0.098812 1.003420 0.227471
0.099420 1.115500 0.224885
0.100028 0.998467 0.219996
0.100636 1.007962 0.237237
0.101244 1.265013 0.227337
0.101852 1.138437 0.218860
0.102461 1.085925 0.221378
0.103069 1.173409 0.215025
0.103677 0.678630 0.201338
0.104285 0.695855 0.189713
0.104893 0.568063 0.197909
0.105501 0.804070 0.192312
0.106109 0.851752 0.212024
0.106717 0.909274 0.216558
0.107325 0.950876 0.240190
0.107933 0.754026 0.223546
0.108541 0.973200 0.237208
0.109149 0.999577 0.223804
0.109757 0.921474 0.230171
0.110365 0.797478 0.216784
0.110973 0.844792 0.233820
0.111581 0.644780 0.182549
0.112189 0.751204 0.201253
0.112798 0.863194 0.207725
0.113406 0.715065 0.212497
0.114014 0.644974 0.194781
0.114622 0.753603 0.192133
0.115230 0.582696 0.200646
0.115838 0.426629 0.207143
0.116446 0.695140 0.203184
0.117054 0.929538 0.207122
0.117662 1.025270 0.207818
0.118270 0.977514 0.193115
0.118878 0.944088 0.221234
0.119486 0.643553 0.211818
0.120094 0.758421 0.196358
0.120702 0.919113 0.209304
0.121310 0.784473 0.220070
0.121918 0.748193 0.197800
0.122526 1.043487 0.201631
0.123134 0.822681 0.194765
0.123742 0.913551 0.198751
0.124351 0.592161 0.212382
0.124959 0.533316 0.236579
0.125567 0.812097 0.195251
0.126175 0.577902 0.215806
0.126783 0.544277 0.196051
0.127391 0.580732 0.189974
0.127999 0.657503 0.187057
0.128607 0.895980 0.190088
0.129215 0.660904 0.206006
0.129823 0.444954 0.198499
0.130431 0.747946 0.201701
0.131039 0.423482 0.199167
0.131647 0.503988 0.205920
0.132255 0.358869 0.188956
0.132863 0.747395 0.199694
0.133471 0.564772 0.172493
0.134079 0.228541 0.196461
0.134687 0.478371 0.193897
0.135295 0.082971 0.219943
0.135903 0.293793 0.190023
0.136511 0.572371 0.209005
0.137119 0.306829 0.181493
0.137728 0.114851 0.188972
0.138336 0.078551 0.178205
0.138944 0.005428 0.186457
0.139552 0.429169 0.198167
0.140160 0.716397 0.205791
0.140768 0.412735 0.351300
0.141376 0.376471 0.192192
0.141984 0.484481 0.324083
0.142592 0.315409 0.182941
0.143200 0.656797 0.198317
0.143808 0.233272 0.192592
0.144416 0.150843 0.187179
0.145024 0.608344 0.186956
0.145632 0.377671 0.198529
0.146240 0.359782 0.192694
0.146848 0.377959 0.186255
0.147456 0.622935 0.185033
0.148064 0.939457 0.175394
0.148672 0.616415 0.178879
0.149280 0.476001 0.172121
0.149888 0.102773 0.190227
0.150496 0.232450 0.183556
0.151104 0.053382 0.187783
0.151712 0.291516 0.161191
0.152320 0.202836 0.178306
0.152928 0.075929 0.183682
0.153537 0.052389 0.180470
0.154145 0.041072 0.180072
0.154753 0.175446 0.179857
0.155361 0.007298 0.173356
0.155969 0.131071 0.175065
0.156577 0.419497 0.173143
0.157793 0.041746 0.172530
0.158401 0.069290 0.167984
0.159009 0.476878 0.163001
0.159617 0.222789 0.170826
0.160225 0.495805 0.164255
0.160833 0.106889 0.162944
0.161441 0.323901 0.182376
0.162049 0.339049 0.198116
0.162657 0.286586 0.169346
0.163265 0.546647 0.172680
0.163873 0.266879 0.164419
0.164481 0.347395 0.174973
0.165089 0.465926 0.169602
0.165697 0.249552 0.163446
0.166305 0.369944 0.167649
0.166913 0.175862 0.169527
0.167521 0.204530 0.174404
0.168129 0.139590 0.208764
0.168737 0.086777 0.156316
0.169345 0.133191 0.182581
0.169953 0.356693 0.159702
0.170561 0.107103 0.167888
0.171169 0.444906 0.166708
0.171777 0.164837 0.170185
0.172385 0.461152 0.159681
0.172993 0.092329 0.165652
0.173601 0.140348 0.164177
0.174209 0.224275 0.165579
0.174817 0.380372 0.164435
0.175425 0.161734 0.158337
0.176033 0.408487 0.170974
0.176641 0.049025 0.328318
0.177250 0.274199 0.164766
0.177858 0.318471 0.327840
0.178466 0.102022 0.191731
0.179074 0.097599 0.162929
0.180290 0.152484 0.168398
0.180898 0.016485 0.149032
0.181506 0.225454 0.158428
0.183938 0.000798 0.174131
0.184546 0.068479 0.169314
0.185154 0.185204 0.173689
0.186370 0.059980 0.169511
0.187586 0.020176 0.160969
0.188194 0.362462 0.160582
0.188802 0.163078 0.172883
0.189410 0.243580 0.158847
0.190018 0.573460 0.153630
0.190626 0.163456 0.162127
0.191234 0.299466 0.147208
0.191842 0.084885 0.147542
0.193058 0.377461 0.156175
0.193666 0.021353 0.154666
0.194274 0.204802 0.188668
0.195490 0.026946 0.152626
0.198530 0.196177 0.156193
0.199138 0.161691 0.152790
0.199746 0.115243 0.156815
0.200354 0.295618 0.158911
0.201570 0.029236 0.154677
0.202178 0.165940 0.142394
0.203394 0.343713 0.149469
0.204002 0.141913 0.149127
0.204610 0.075416 0.157673
0.205218 0.068407 0.138977
0.207650 0.010304 0.142523
0.208258 0.064737 0.145054
0.210690 0.026497 0.147426
0.211906 0.098179 0.141718
0.212514 0.053057 0.146209
0.213122 0.002975 0.144113
0.214946 0.139322 0.150566
0.216162 0.416760 0.271930
0.216770 0.398850 0.144036
0.217378 0.146568 0.146805
0.217986 0.026552 0.150749
0.218594 0.023728 0.145597
0.219810 0.213461 0.282737
0.220418 0.051873 1.510950
0.221025 0.360500 0.360836
0.221633 0.211409 0.722077
0.222241 0.191758 0.140465
0.223457 0.074484 0.141811
0.224065 0.171448 0.152208
0.225281 0.458239 0.136027
0.225889 0.124876 0.139760
0.226497 0.320107 0.127591
0.227105 0.207987 0.144334
0.227713 0.013997 0.139392
0.228321 0.273073 0.149300
0.228929 0.088294 0.134354
0.229537 0.211818 0.148110
0.230753 0.139083 0.140230
0.231361 0.133302 0.130566
0.231969 0.186175 0.130192
0.232577 0.251121 0.134981
0.233185 0.109100 0.142528
0.234401 0.085906 0.137863
0.235617 0.042236 0.135259
0.236225 0.029908 0.135619
0.236833 0.100871 0.127621
0.237441 0.063182 0.131004
0.238049 0.236047 0.132092
0.238657 0.317948 0.131852
0.239265 0.160333 0.128697
0.239873 0.039298 0.130129
0.240481 0.074148 0.129092
0.241089 0.144278 0.143016
0.242304 0.317587 0.142297
0.242912 0.103600 0.126078
0.243520 0.049179 0.323295
0.244128 0.017426 0.127056
0.244736 0.047666 0.130974
0.245344 0.179431 0.131782
0.246560 0.136928 0.138915
0.247168 0.101904 0.124611
0.247776 0.185093 0.125826
0.248384 0.498418 0.127129
0.248992 0.244378 0.129956
0.249600 0.223368 0.123724
0.250208 0.270133 0.135181
0.251424 0.406598 0.133571
0.252032 0.183596 0.127538
0.253248 0.256602 0.125295
0.253856 0.339286 0.134038
0.254464 0.080082 0.125562
0.255072 0.066751 0.129157
0.256287 0.018092 0.128636
0.257503 0.145067 0.134157
0.258111 0.008662 0.134362
0.258719 0.101736 0.121209
0.259327 0.072952 0.125492
0.261151 0.077880 0.126508
0.261759 0.160148 0.135124
0.262367 0.259759 0.128251
0.262975 0.014307 0.131355
0.263583 0.005785 0.126144
0.265407 0.115397 0.130729
0.267838 0.079218 0.125952
0.269662 0.189906 0.113603
0.270878 0.109249 0.131581
0.272094 0.183571 0.124195
0.272702 0.055966 0.126277
0.273310 0.154581 0.127212
0.274526 0.155713 0.122065
0.275133 0.129658 0.117088
0.275741 0.253274 0.130720
0.276349 0.179371 0.118743
0.276957 0.250475 0.283321
0.277565 0.161118 0.135783
0.278173 0.107012 0.121218
0.279389 0.138898 0.120242
0.280605 0.015012 0.120679
0.281821 0.061452 0.123034
0.285468 0.095391 0.120169
0.286076 0.001054 0.117064
0.286684 0.135963 0.113548
0.287292 0.048698 0.115229
0.287900 0.045216 0.115870
0.288508 0.009127 0.113570
0.289723 0.093110 0.114567
0.290331 0.019644 0.111963
0.290939 0.228080 0.110172
0.291547 0.087669 0.112984
0.292155 0.160816 0.109307
0.292763 0.075088 0.116101
0.293371 0.070375 0.112866
0.293979 0.026765 0.107729
0.294587 0.134963 0.112587
0.295195 0.054677 0.105251
0.295803 0.147420 0.113840
0.296410 0.153999 0.104338
0.297018 0.214434 0.119435
0.297626 0.498699 0.108766
0.298234 0.204764 0.109102
0.298842 0.325114 0.110802
0.299450 0.190383 0.116282
0.300058 0.156993 0.118297
0.300666 0.244250 0.106007
0.301274 0.238318 0.109318
0.301881 0.232433 0.108390
0.307960 0.151970 0.099755
0.308568 0.056782 0.106286
0.309176 0.076651 0.098792
0.309784 0.069073 0.104710
0.311000 0.044327 0.106025
0.312216 0.093509 0.101032
0.312823 0.164877 0.106345
0.313431 0.190967 0.105662
0.314039 0.227263 0.104966
0.314647 0.128551 0.102081
0.315255 0.169232 0.179481
0.315863 0.040162 0.124369
0.316471 0.060358 0.121581
0.317079 0.306948 0.122271
0.317686 0.065273 0.132673
0.318902 0.119379 0.150491
0.320726 0.143458 0.187584
0.322549 0.354266 0.572296
