0.010641 257.971703 5.485543
0.011250 255.956075 4.439109
0.011858 252.138368 7.718021
0.012466 246.444869 2.619792
0.013074 244.595895 3.966485
0.013682 237.133269 2.699200
0.014290 234.640134 5.118218
0.014898 233.346334 3.246561
0.015506 228.021824 2.603556
0.016114 224.552521 2.991122
0.016722 228.850864 2.889458
0.017330 218.240991 2.657863
0.017938 220.436059 2.533985
0.018546 211.794665 2.296858
0.019155 208.091142 2.510648
0.019763 209.958424 2.808144
0.020371 201.822924 1.952842
0.020979 202.845466 2.521312
0.021587 198.901967 1.587324
0.022195 196.625688 1.796688
0.022803 191.681725 1.900556
0.023411 190.525008 2.304792
0.024019 183.232418 2.118126
0.024627 181.788194 2.099233
0.025235 179.914918 2.370580
0.025843 176.180057 1.669926
0.026452 172.767460 2.034867
0.027060 172.220877 1.406417
0.027668 165.861657 1.576814
0.028276 165.112696 1.452301
0.028884 161.216246 1.612997
0.029492 159.682060 1.454693
0.030100 154.710675 1.553096
0.030708 154.024168 1.210681
0.031316 149.376046 1.286510
0.031924 148.206171 1.282522
0.032532 145.492420 1.331950
0.033140 140.066125 1.173876
0.033748 140.479688 1.416294
0.034357 136.097137 1.154136
0.034965 133.099680 1.120623
0.035573 131.844914 1.069525
0.036181 128.658334 1.080044
0.036789 127.142502 1.112340
0.037397 125.504143 1.192381
0.038005 122.372846 1.233086
0.038613 120.549177 1.094985
0.039221 117.654316 1.095384
0.039829 115.617637 0.985486
0.040437 111.767085 0.963248
0.041045 110.134013 1.027757
0.041654 109.302129 1.098516
0.042262 106.039186 0.940151
0.042870 105.619206 0.972303
0.043478 102.935952 0.906152
0.044086 101.720378 0.936111
0.044694 99.167702 0.845781
0.045302 97.872226 0.797095
0.045910 95.492456 0.780635
0.046518 94.808867 0.839905
0.047126 93.119532 0.908482
0.047734 91.042072 0.725701
0.048342 89.944623 0.816741
0.048950 87.363820 0.707288
0.049559 86.311453 0.741352
0.050167 83.664622 0.644270
0.050775 83.420501 0.671592
0.051383 80.966641 0.624070
0.051991 79.706070 0.707211
0.052599 78.261028 0.639559
0.053207 77.799521 0.694288
0.053815 76.097601 0.668812
0.054423 74.589689 0.658772
0.055031 73.319774 0.584090
0.055639 72.297165 0.559744
0.056247 69.161277 0.573413
0.056855 68.446718 0.655251
0.057463 66.791651 0.616364
0.058072 65.763868 0.553347
0.058680 64.399628 0.564580
0.059288 63.200518 0.529614
0.059896 62.646393 0.602478
0.060504 60.497676 0.561702
0.061112 60.219442 0.550315
0.061720 58.325187 0.539654
0.062328 58.567916 0.562724
0.062936 56.278665 0.546544
0.063544 55.513532 0.509315
0.064152 54.204088 0.500164
0.064760 53.436984 0.487703
0.065368 52.587758 0.506040
0.065977 51.436789 0.486762
0.066585 50.870547 0.491447
0.067193 49.240147 0.418330
0.067801 48.958962 0.520480
0.068409 46.858611 0.453963
0.069017 46.639937 0.437653
0.069625 44.866262 0.420429
0.070233 45.103415 0.430336
0.070841 42.776700 0.426158
0.071449 43.581176 0.412768
0.072057 42.302799 0.428421
0.072665 41.763654 0.368778
0.073273 41.073882 0.415693
0.073881 40.438742 0.350405
0.074490 38.807783 0.395853
0.075098 38.787151 0.340203
0.075706 37.149261 0.409666
0.076314 36.453484 0.352595
0.076922 36.575566 0.378308
0.077530 35.085110 0.374498
0.078138 34.522017 0.412404
0.078746 33.383979 0.362676
0.079354 33.548084 0.374069
0.079962 32.282202 0.359664
0.080570 32.628627 0.347212
0.081178 31.010726 0.339966
0.081786 31.383834 0.337547
0.082394 30.358247 0.361429
0.083002 29.437382 0.325250
0.083611 29.097271 0.359378
0.084219 28.436009 0.288347
0.084827 27.753575 0.336536
0.085435 27.749548 0.325600
0.086043 26.755327 0.311193
0.086651 26.226783 0.320039
0.087259 25.743302 0.321443
0.087867 25.052287 0.265438
0.088475 24.848186 0.341723
0.089083 23.821988 0.296259
0.089691 23.830288 0.325260
0.090299 23.500728 0.291263
0.090907 22.940898 0.328620
0.091515 22.495888 0.281772
0.092123 22.347316 0.307225
0.092732 21.786547 0.269830
0.093340 21.307617 0.297507
0.093948 20.700649 0.283245
0.094556 20.112627 0.287338
0.095164 19.910618 0.306387
0.095772 19.698736 0.301599
0.096380 19.131115 0.301467
0.096988 19.158346 0.255514
0.097596 18.289286 0.258115
0.098204 18.313020 0.267576
0.098812 17.573761 0.234194
0.099420 17.027726 0.260287
0.100028 16.980903 0.286445
0.100636 16.770276 0.255954
0.101244 16.602600 0.281489
0.101852 15.928485 0.238090
0.102461 15.845755 0.272543
0.103069 15.606094 0.244105
0.103677 15.040559 0.248616
0.104285 15.356129 0.255466
0.104893 15.109636 0.224314
0.105501 14.573259 0.222898
0.106109 14.210406 0.237002
0.106717 14.009889 0.236849
0.107325 13.668694 0.229527
0.107933 13.657642 0.254899
0.108541 13.102744 0.238872
0.109149 13.265215 0.252229
0.109757 12.329569 0.261279
0.110365 12.960827 0.241653
0.110973 12.129384 0.244827
0.111581 11.891165 0.214568
0.112189 11.377301 0.221669
0.112798 11.260959 0.212720
0.113406 11.160125 0.211110
0.114014 10.968695 0.210060
0.114622 11.053767 0.237080
0.115230 10.207986 0.208623
0.115838 10.203083 0.233337
0.116446 9.936310 0.211098
0.117054 10.147887 0.213226
0.117662 9.565710 0.220600
0.118270 9.710188 0.212183
0.118878 9.132566 0.229527
0.119486 8.881115 0.232626
0.120094 8.606433 0.212195
0.120702 8.621539 0.217141
0.121310 8.340412 0.213664
0.121918 7.750246 0.207159
0.122526 7.828662 0.212323
0.123134 7.719224 0.201520
0.123742 7.981761 0.192525
0.124351 7.508352 0.229942
0.124959 7.325802 0.208019
0.125567 7.148809 0.202516
0.126175 7.048605 0.206188
0.126783 7.552907 0.198430
0.127391 6.960235 0.206128
0.127999 7.311006 0.202959
0.128607 7.035738 0.211195
0.129215 6.625290 0.202421
0.129823 6.380394 0.221479
0.130431 6.418926 0.225905
0.131039 6.133505 0.205694
0.131647 6.169327 0.205891
0.132255 5.462061 0.218620
0.132863 5.295743 0.192661
0.133471 5.772085 0.198737
0.134079 5.321850 0.199239
0.134687 5.464714 0.198187
0.135295 5.306481 0.194168
0.135903 5.304774 0.194388
0.136511 5.488933 0.193821
0.137119 4.771616 0.192815
0.137728 4.803371 0.198113
0.138336 4.905380 0.195921
0.138944 4.519798 0.188310
0.139552 4.721966 0.190045
0.140160 4.746893 0.182302
0.140768 4.552788 0.190603
0.141376 4.945523 0.205409
0.141984 4.348061 0.200477
0.142592 4.253352 0.197702
0.143200 4.101034 0.189310
0.143808 3.808625 0.197876
0.144416 3.848019 0.211189
0.145024 3.625173 0.195438
0.145632 3.959927 0.189224
0.146240 3.445172 0.181551
0.146848 3.638160 0.180994
0.147456 3.532646 0.180489
0.148064 3.495733 0.175123
0.148672 3.345365 0.184669
0.149280 3.369398 0.196276
0.149888 2.949744 0.196953
0.150496 2.753260 0.198793
0.151104 3.084740 0.194956
0.151712 2.846957 0.170523
0.152320 3.214653 0.485761
0.152928 3.186226 0.181442
0.153537 3.036816 0.191282
0.154145 2.749270 0.177872
0.154753 2.898592 0.186427
0.155361 3.122722 0.180452
0.155969 2.621393 0.183577
0.156577 2.560515 0.187479
0.157185 2.432013 0.169344
0.157793 2.276486 0.170525
0.158401 2.325627 0.187152
0.159009 2.332329 0.171286
0.159617 2.377035 0.169852
0.160225 2.549690 0.172266
0.160833 2.409826 0.172283
0.161441 1.964043 0.182449
0.162049 2.104782 0.176702
0.162657 1.990907 0.169365
0.163265 1.924989 0.168595
0.163873 2.240935 0.162282
0.164481 2.297360 0.166286
0.165089 2.132962 0.163940
0.165697 2.289964 0.171195
0.166305 2.112711 0.175491
0.166913 1.761929 0.171228
0.167521 1.868184 0.172600
0.168129 1.843281 0.172021
0.168737 1.596981 0.173320
0.169345 1.624803 0.177032
0.169953 1.927383 0.164583
0.170561 1.886014 0.181854
0.171169 1.568441 0.169377
0.171777 1.836769 0.168144
0.172385 1.562154 0.157110
0.172993 1.656882 0.161747
0.173601 1.526282 0.178033
0.174209 1.586980 0.171237
0.174817 1.722211 0.176315
0.175425 1.402441 0.159611
0.176033 1.294896 0.181176
0.176641 1.165837 0.165319
0.177250 1.354395 0.171106
0.177858 1.331949 0.171665
0.178466 1.104770 0.181562
0.179074 1.167545 0.175469
0.179682 1.079030 0.166840
0.180290 1.421999 0.165682
0.180898 1.182484 0.165041
0.181506 1.429216 0.165721
0.182114 0.947351 0.171264
0.182722 1.278083 0.164926
0.183330 1.135969 0.169370
0.183938 1.218392 0.168440
0.184546 1.434179 0.169027
0.185154 1.569743 0.173510
0.185762 1.401197 0.159546
0.186370 1.126579 0.163762
0.186978 1.333831 0.156287
0.187586 1.018495 0.161153
0.188194 1.245461 0.165899
0.188802 0.945855 0.170488
0.189410 1.060630 0.167339
0.190018 1.252833 0.157667
0.190626 1.278401 0.147452
0.191234 1.272281 0.169329
0.191842 1.026962 0.168262
0.192450 1.084074 0.152177
0.193058 1.007643 0.162645
0.193666 0.986043 0.171612
0.194274 0.909957 0.161165
0.194882 0.551983 0.166104
0.195490 0.920739 0.151132
0.196098 0.554447 0.159074
0.196706 0.727301 0.161044
0.197314 0.937776 0.154058
0.197922 0.975863 0.155007
0.198530 1.126384 0.155474
0.199138 1.157205 0.146810
0.199746 1.031643 0.154566
0.200354 0.724090 0.153216
0.200962 0.958273 0.156557
0.201570 0.753680 0.150767
0.202178 0.667830 0.153488
0.202786 0.866153 0.139292
0.203394 0.894050 0.139857
0.204002 0.790023 0.143788
0.204610 0.764222 0.153738
0.205218 0.736826 0.145987
0.205826 0.689847 0.149541
0.206434 0.254127 0.156246
0.207042 0.691089 0.143479
0.207650 0.323483 0.151115
0.208258 0.874904 0.153081
0.208866 0.724872 0.151018
0.209474 0.853082 0.142999
0.210082 0.888963 0.160086
0.210690 0.660608 0.143692
0.211298 0.614329 0.148795
0.211906 0.619024 0.139924
0.212514 0.797210 0.153368
0.213122 0.966512 0.144853
0.213730 0.894047 0.145582
0.214338 0.839873 0.143427
0.214946 0.861755 0.329372
0.215554 0.694059 0.135835
0.216162 0.591237 0.270234
0.216770 0.684149 0.310379
0.217378 0.371025 0.167988
0.217986 0.537839 0.153953
0.218594 0.576974 0.444290
0.219202 0.722197 0.214048
0.219810 0.632616 0.313741
0.220418 0.593452 0.493737
0.221025 0.527175 0.208729
0.221633 0.630819 0.451394
0.222241 0.502991 0.144438
0.222849 0.550343 0.142799
0.223457 0.514422 0.130486
0.224065 0.539645 0.150640
0.224673 0.711516 0.131085
0.225281 0.679455 0.556499
0.225889 0.769909 0.145956
0.226497 0.401220 0.554072
0.227105 0.375615 0.139137
0.227713 0.703522 0.408480
0.228321 0.341373 0.139683
0.228929 0.777775 0.151393
0.229537 0.771818 0.322530
0.230145 0.441009 0.141120
0.230753 0.579415 0.734327
0.231361 0.221535 0.153733
0.231969 0.391769 0.455644
0.232577 0.427661 0.148607
0.233185 0.373530 0.264814
0.233793 0.322013 0.407020
0.234401 0.327158 0.222512
0.235009 0.510720 0.127751
0.235617 0.487205 0.141989
0.236225 0.648238 0.131500
0.236833 0.699554 0.143523
0.237441 0.540467 0.139591
0.238049 0.682095 0.137553
0.238657 0.397960 0.136510
0.239265 0.653674 0.138301
0.239873 0.469863 0.136484
0.240481 0.734487 0.133274
0.241089 0.829147 0.139879
0.241697 0.603380 0.130329
0.242304 0.635351 0.215009
0.242912 0.783146 0.131179
0.243520 0.645581 0.147627
0.244128 0.648913 0.209676
0.244736 0.440635 0.186855
0.245344 0.353562 0.132920
0.245952 0.697312 0.130676
0.246560 0.665019 0.129488
0.247168 0.688663 0.129892
0.247776 0.720816 0.127476
0.248384 0.405548 0.129801
0.248992 0.383720 0.128556
0.249600 0.135428 0.128169
0.250208 0.201392 0.126719
0.250816 0.219531 0.128651
0.251424 0.460743 0.137466
0.252032 0.348421 0.126354
0.252640 0.501876 0.134224
0.253248 0.602734 0.120548
0.253856 0.598953 0.134528
0.254464 0.498523 0.135734
0.255072 0.455437 0.128469
0.255679 0.370343 0.127625
0.256287 0.391210 0.133285
0.256895 0.291850 0.129615
0.257503 0.213327 0.127134
0.258111 0.244599 0.137040
0.258719 0.264202 0.133593
0.259327 0.373937 0.133633
0.259935 0.247936 0.127062
0.260543 0.296944 0.137426
0.261151 0.189765 0.126752
0.261759 0.348511 0.124844
0.262367 0.438260 0.132810
0.262975 0.125718 0.132820
0.263583 0.195730 0.129029
0.264191 0.084164 0.277702
0.265407 0.110931 0.214137
0.266014 0.472346 0.146445
0.266622 0.451875 0.123431
0.267230 0.452543 0.130159
0.267838 0.560678 0.138768
0.268446 0.369614 0.129413
0.269054 0.402808 0.128419
0.269662 0.296497 0.120604
0.270270 0.396366 0.127688
0.270878 0.319687 0.128846
0.271486 0.503964 0.118942
0.272094 0.420845 0.131900
0.272702 0.485910 0.123096
0.273310 0.467220 0.248229
0.273918 0.394215 0.187343
0.274526 0.391416 0.224520
0.275133 0.399860 0.149685
0.275741 0.490223 0.120906
0.276349 0.356652 0.123093
0.276957 0.371011 0.117699
0.277565 0.216912 0.124963
0.278173 0.345720 0.121661
0.278781 0.268047 0.122560
0.279389 0.155630 0.115473
0.279997 0.181621 0.146337
0.280605 0.210182 0.178448
0.281213 0.109385 0.160068
0.281821 0.378876 0.213281
0.282429 0.192076 0.121472
0.283036 0.528286 0.130599
0.283644 0.300066 0.118372
0.284252 0.175074 0.122143
0.284860 0.228442 0.112996
0.285468 0.125638 0.115497
0.286076 0.238002 0.118009
0.286684 0.411264 0.117621
0.287292 0.068184 0.111402
0.287900 0.212713 0.116349
0.288508 0.153436 0.114944
0.289723 0.287537 0.108618
0.290331 0.226447 0.113553
0.290939 0.294133 0.117382
0.291547 0.398674 0.113987
0.292155 0.350810 0.117706
0.292763 0.329885 0.523607
0.293371 0.293406 0.117481
0.293979 0.263649 0.115368
0.294587 0.145471 0.116568
0.295195 0.134002 0.111148
0.295803 0.419558 0.117827
0.296410 0.433149 0.140140
0.297018 0.413812 0.129925
0.297626 0.370240 0.110419
0.298234 0.410991 0.111981
0.298842 0.318700 0.108863
0.299450 0.303657 0.107094
0.300058 0.362785 0.109660
0.300666 0.381025 0.121959
0.301274 0.368437 0.108304
0.301881 0.406722 0.109533
0.302489 0.505803 0.103038
0.303097 0.252434 0.127760
0.303705 0.231561 0.136999
0.304313 0.374007 0.109133
0.304921 0.295120 0.106652
0.305529 0.565607 0.106052
0.306137 0.245744 0.106923
0.306745 0.100532 0.104594
0.307353 0.169453 0.113920
0.307960 0.245172 0.106732
0.308568 0.370638 0.114660
0.309176 0.226722 0.103451
0.309784 0.486182 0.111095
0.310392 0.146045 0.103067
0.311000 0.212335 0.105236
0.312216 0.284371 0.107197
0.312823 0.035961 0.100894
0.313431 0.261096 0.109051
0.314039 0.160482 0.105769
0.314647 0.214062 0.105057
0.315255 0.285379 0.103170
0.315863 0.150044 0.102288
0.316471 0.352895 0.122590
0.317079 0.147782 0.130363
0.317686 0.254501 0.135788
0.318294 0.399028 0.127856
0.318902 0.231220 0.155258
0.319510 0.359213 0.148463
0.320118 0.271935 0.171609
0.320726 0.327319 0.165286
0.321334 0.424324 0.198103
0.321942 0.238678 0.234064
