 Merge of: 23910_E2_2.m 23910_E3_2.m 23910_E4_2.m 23910_E5_2.m 23910_E6_2.m 23910_E2_1.m 23910_E2_3.m 23910_E3_1.m 23910_E3_3.m 23910_B4_2.m                                                                                                                    
23910_E2_2.m  Conc = .10E+01  Mult = .87E+00  N1 =   16  N2 =  132  SCALE =  1
23910_E3_2.m  Conc = .10E+01  Mult = .10E+01  N1 =    4  N2 =  133  SCALE =  1
23910_E4_2.m  Conc = .10E+01  Mult = .53E+00  N1 =   35  N2 =  101  SCALE =  1
23910_E5_2.m  Conc = .10E+01  Mult = .19E+00  N1 =   90  N2 =  518  SCALE =  1
23910_E6_2.m  Conc = .10E+01  Mult = .76E-01  N1 =  112  N2 =  518  SCALE =  1
23910_E2_1.m  Conc = .10E+01  Mult = .86E+00  N1 =    9  N2 =   63  SCALE =  1
23910_E2_3.m  Conc = .10E+01  Mult = .88E+00  N1 =    8  N2 =   59  SCALE =  1
23910_E3_1.m  Conc = .10E+01  Mult = .10E+01  N1 =   12  N2 =   62  SCALE =  1
23910_E3_3.m  Conc = .10E+01  Mult = .10E+01  N1 =   15  N2 =   60  SCALE =  1
23910_B4_2.m  Conc = .10E+01  Mult = .48E+00  N1 =   61  N2 =  506  SCALE =  1
 0.124670E-01  0.844434E+01  0.251297E+00
 0.130750E-01  0.826720E+01  0.285189E+00
 0.136830E-01  0.817586E+01  0.241819E+00
 0.142910E-01  0.822101E+01  0.375223E+00
 0.148990E-01  0.804176E+01  0.266754E+00
 0.155070E-01  0.798119E+01  0.119857E+00
 0.161150E-01  0.781538E+01  0.974748E-01
 0.167240E-01  0.766844E+01  0.153575E+00
 0.173320E-01  0.749123E+01  0.857202E-01
 0.179400E-01  0.748327E+01  0.860991E-01
 0.185480E-01  0.727339E+01  0.106158E+00
 0.191560E-01  0.721357E+01  0.805973E-01
 0.197640E-01  0.694220E+01  0.526447E-01
 0.203720E-01  0.694325E+01  0.474706E-01
 0.209800E-01  0.684123E+01  0.517022E-01
 0.215890E-01  0.669870E+01  0.475743E-01
 0.221970E-01  0.651895E+01  0.462834E-01
 0.228050E-01  0.633504E+01  0.455962E-01
 0.234130E-01  0.618917E+01  0.448726E-01
 0.240210E-01  0.601509E+01  0.461893E-01
 0.246290E-01  0.597253E+01  0.403843E-01
 0.252370E-01  0.581170E+01  0.366699E-01
 0.258450E-01  0.564450E+01  0.320367E-01
 0.264540E-01  0.551858E+01  0.352527E-01
 0.270620E-01  0.542909E+01  0.424276E-01
 0.276700E-01  0.523646E+01  0.345300E-01
 0.282780E-01  0.511194E+01  0.358003E-01
 0.288860E-01  0.502042E+01  0.325726E-01
 0.294940E-01  0.484723E+01  0.283565E-01
 0.301020E-01  0.471308E+01  0.295871E-01
 0.307100E-01  0.460956E+01  0.299152E-01
 0.313190E-01  0.447874E+01  0.260124E-01
 0.319270E-01  0.432562E+01  0.265106E-01
 0.325350E-01  0.427348E+01  0.266395E-01
 0.331430E-01  0.411960E+01  0.230176E-01
 0.337510E-01  0.402607E+01  0.229596E-01
 0.343590E-01  0.395739E+01  0.230192E-01
 0.349670E-01  0.388156E+01  0.216310E-01
 0.355750E-01  0.372760E+01  0.231260E-01
 0.361840E-01  0.362916E+01  0.216298E-01
 0.367920E-01  0.351291E+01  0.219608E-01
 0.374000E-01  0.340870E+01  0.211996E-01
 0.380080E-01  0.332005E+01  0.232180E-01
 0.386160E-01  0.327656E+01  0.211722E-01
 0.392240E-01  0.316762E+01  0.210140E-01
 0.398320E-01  0.313222E+01  0.214529E-01
 0.404400E-01  0.306470E+01  0.217372E-01
 0.410490E-01  0.294011E+01  0.182172E-01
 0.416570E-01  0.292306E+01  0.189540E-01
 0.422650E-01  0.279524E+01  0.191521E-01
 0.428730E-01  0.275293E+01  0.190548E-01
 0.434810E-01  0.266307E+01  0.177817E-01
 0.440890E-01  0.261600E+01  0.182730E-01
 0.446970E-01  0.254578E+01  0.179723E-01
 0.453050E-01  0.248894E+01  0.166959E-01
 0.459140E-01  0.241684E+01  0.176276E-01
 0.465220E-01  0.232851E+01  0.161900E-01
 0.471300E-01  0.227248E+01  0.140581E-01
 0.477380E-01  0.222129E+01  0.145568E-01
 0.483460E-01  0.218508E+01  0.138480E-01
 0.489540E-01  0.211454E+01  0.101480E-01
 0.495620E-01  0.208286E+01  0.107299E-01
 0.501700E-01  0.202037E+01  0.957880E-02
 0.507790E-01  0.196898E+01  0.974338E-02
 0.513870E-01  0.191190E+01  0.996543E-02
 0.519950E-01  0.189421E+01  0.977606E-02
 0.526030E-01  0.184613E+01  0.919612E-02
 0.532110E-01  0.182666E+01  0.923750E-02
 0.538190E-01  0.179180E+01  0.887882E-02
 0.544270E-01  0.175671E+01  0.829936E-02
 0.550350E-01  0.170820E+01  0.919453E-02
 0.556440E-01  0.167827E+01  0.911497E-02
 0.562520E-01  0.165403E+01  0.926644E-02
 0.568600E-01  0.161831E+01  0.936836E-02
 0.574680E-01  0.157537E+01  0.908549E-02
 0.580760E-01  0.152694E+01  0.829016E-02
 0.586840E-01  0.149155E+01  0.927276E-02
 0.592920E-01  0.147658E+01  0.840271E-02
 0.599000E-01  0.144193E+01  0.842557E-02
 0.605080E-01  0.141528E+01  0.865701E-02
 0.611170E-01  0.139365E+01  0.840376E-02
 0.617250E-01  0.134183E+01  0.827806E-02
 0.623330E-01  0.132701E+01  0.817358E-02
 0.629410E-01  0.128970E+01  0.828214E-02
 0.635490E-01  0.127610E+01  0.749119E-02
 0.641570E-01  0.123517E+01  0.706854E-02
 0.647650E-01  0.120923E+01  0.654840E-02
 0.653730E-01  0.117869E+01  0.667426E-02
 0.659820E-01  0.115385E+01  0.601303E-02
 0.665900E-01  0.113764E+01  0.619478E-02
 0.671980E-01  0.111205E+01  0.603241E-02
 0.678060E-01  0.109419E+01  0.640278E-02
 0.684140E-01  0.107734E+01  0.607889E-02
 0.690220E-01  0.106333E+01  0.616306E-02
 0.696300E-01  0.103308E+01  0.575514E-02
 0.702380E-01  0.101796E+01  0.571932E-02
 0.708470E-01  0.994739E+00  0.578675E-02
 0.714550E-01  0.980474E+00  0.569532E-02
 0.720630E-01  0.959257E+00  0.643825E-02
 0.726710E-01  0.939332E+00  0.639372E-02
 0.732790E-01  0.926955E+00  0.644868E-02
 0.738870E-01  0.903987E+00  0.599238E-02
 0.744950E-01  0.875950E+00  0.619371E-02
 0.751030E-01  0.864965E+00  0.579848E-02
 0.757110E-01  0.852473E+00  0.601632E-02
 0.763200E-01  0.838211E+00  0.603924E-02
 0.769280E-01  0.821454E+00  0.606451E-02
 0.775360E-01  0.806250E+00  0.489551E-02
 0.781440E-01  0.790505E+00  0.490891E-02
 0.787520E-01  0.779357E+00  0.452140E-02
 0.793600E-01  0.760078E+00  0.439550E-02
 0.799680E-01  0.745607E+00  0.460463E-02
 0.805760E-01  0.727644E+00  0.481732E-02
 0.811840E-01  0.709942E+00  0.471291E-02
 0.817930E-01  0.703110E+00  0.453099E-02
 0.824010E-01  0.680880E+00  0.456850E-02
 0.830090E-01  0.674066E+00  0.439339E-02
 0.836170E-01  0.663206E+00  0.440023E-02
 0.842250E-01  0.649708E+00  0.441213E-02
 0.848330E-01  0.640264E+00  0.450764E-02
 0.854410E-01  0.621474E+00  0.443027E-02
 0.860490E-01  0.609540E+00  0.474427E-02
 0.866580E-01  0.594723E+00  0.445402E-02
 0.872660E-01  0.582672E+00  0.449527E-02
 0.878740E-01  0.576063E+00  0.430620E-02
 0.884820E-01  0.566693E+00  0.449456E-02
 0.890900E-01  0.553980E+00  0.447141E-02
 0.896980E-01  0.543954E+00  0.446397E-02
 0.903060E-01  0.532642E+00  0.461783E-02
 0.909140E-01  0.523793E+00  0.447252E-02
 0.915220E-01  0.512160E+00  0.273171E-02
 0.921310E-01  0.505482E+00  0.256403E-02
 0.927390E-01  0.493439E+00  0.277503E-02
 0.933470E-01  0.487464E+00  0.257612E-02
 0.939550E-01  0.475454E+00  0.296264E-02
 0.945630E-01  0.465749E+00  0.341978E-02
 0.951710E-01  0.457940E+00  0.509515E-02
 0.957790E-01  0.448639E+00  0.327671E-02
 0.963870E-01  0.439575E+00  0.357219E-02
 0.969950E-01  0.433919E+00  0.275128E-02
 0.976040E-01  0.423424E+00  0.273082E-02
 0.982120E-01  0.414257E+00  0.283845E-02
 0.988200E-01  0.407875E+00  0.248436E-02
 0.994280E-01  0.400835E+00  0.247820E-02
 0.100036E+00  0.390193E+00  0.239921E-02
 0.100644E+00  0.382861E+00  0.244938E-02
 0.101252E+00  0.376673E+00  0.235853E-02
 0.101860E+00  0.369563E+00  0.238490E-02
 0.102468E+00  0.362192E+00  0.250424E-02
 0.103076E+00  0.358814E+00  0.233288E-02
 0.103685E+00  0.348162E+00  0.231394E-02
 0.104293E+00  0.342651E+00  0.238090E-02
 0.104901E+00  0.333774E+00  0.239834E-02
 0.105509E+00  0.325394E+00  0.235665E-02
 0.106117E+00  0.317751E+00  0.232011E-02
 0.106725E+00  0.309943E+00  0.220831E-02
 0.107333E+00  0.306564E+00  0.229247E-02
 0.107941E+00  0.301738E+00  0.226121E-02
 0.108549E+00  0.292357E+00  0.225759E-02
 0.109158E+00  0.286171E+00  0.207584E-02
 0.109766E+00  0.279707E+00  0.223102E-02
 0.110374E+00  0.274997E+00  0.206165E-02
 0.110982E+00  0.270938E+00  0.224597E-02
 0.111590E+00  0.265688E+00  0.233536E-02
 0.112198E+00  0.256908E+00  0.253715E-02
 0.112806E+00  0.250187E+00  0.231376E-02
 0.113414E+00  0.240592E+00  0.223653E-02
 0.114022E+00  0.235617E+00  0.230853E-02
 0.114630E+00  0.232168E+00  0.247357E-02
 0.115239E+00  0.228716E+00  0.220330E-02
 0.115847E+00  0.226716E+00  0.224313E-02
 0.116455E+00  0.217074E+00  0.226772E-02
 0.117063E+00  0.212745E+00  0.222255E-02
 0.117671E+00  0.207322E+00  0.223608E-02
 0.118279E+00  0.201828E+00  0.214469E-02
 0.118887E+00  0.198001E+00  0.216637E-02
 0.119495E+00  0.192792E+00  0.207202E-02
 0.120103E+00  0.189212E+00  0.301699E-02
 0.120711E+00  0.183974E+00  0.487083E-02
 0.121320E+00  0.179635E+00  0.284459E-02
 0.121928E+00  0.172967E+00  0.210710E-02
 0.122536E+00  0.169832E+00  0.234471E-02
 0.123144E+00  0.164945E+00  0.207740E-02
 0.123752E+00  0.164846E+00  0.220327E-02
 0.124360E+00  0.162139E+00  0.218957E-02
 0.124968E+00  0.159781E+00  0.225143E-02
 0.125576E+00  0.152869E+00  0.223932E-02
 0.126184E+00  0.147402E+00  0.238367E-02
 0.126792E+00  0.145106E+00  0.200942E-02
 0.127401E+00  0.142316E+00  0.195472E-02
 0.128009E+00  0.136925E+00  0.203830E-02
 0.128617E+00  0.136172E+00  0.208935E-02
 0.129225E+00  0.131155E+00  0.213564E-02
 0.129833E+00  0.129785E+00  0.210091E-02
 0.130441E+00  0.128629E+00  0.213120E-02
 0.131049E+00  0.127743E+00  0.203411E-02
 0.131657E+00  0.122613E+00  0.201642E-02
 0.132265E+00  0.119407E+00  0.179324E-02
 0.132873E+00  0.116484E+00  0.188296E-02
 0.133481E+00  0.111909E+00  0.343386E-01
 0.134090E+00  0.109251E+00  0.844906E-01
 0.134698E+00  0.108568E+00  0.409578E-01
 0.135306E+00  0.103025E+00  0.133264E-01
 0.135914E+00  0.103272E+00  0.512357E-02
 0.136522E+00  0.101320E+00  0.225668E-02
 0.137130E+00  0.998982E-01  0.196917E-02
 0.137738E+00  0.976310E-01  0.194927E-02
 0.138346E+00  0.962109E-01  0.196570E-02
 0.138954E+00  0.898638E-01  0.182610E-02
 0.139562E+00  0.879900E-01  0.182073E-02
 0.140170E+00  0.875046E-01  0.180754E-02
 0.140779E+00  0.860972E-01  0.184304E-02
 0.141387E+00  0.865921E-01  0.193394E-02
 0.141995E+00  0.836965E-01  0.192498E-02
 0.142603E+00  0.835630E-01  0.192798E-02
 0.143211E+00  0.794250E-01  0.194544E-02
 0.143819E+00  0.814035E-01  0.184375E-02
 0.144427E+00  0.803551E-01  0.191296E-02
 0.145035E+00  0.775617E-01  0.192913E-02
 0.145643E+00  0.761979E-01  0.187386E-02
 0.146251E+00  0.703297E-01  0.189372E-02
 0.146859E+00  0.715735E-01  0.176618E-02
 0.147467E+00  0.701615E-01  0.182978E-02
 0.148076E+00  0.692304E-01  0.176561E-02
 0.148684E+00  0.685769E-01  0.178774E-02
 0.149292E+00  0.681758E-01  0.184941E-02
 0.149900E+00  0.654370E-01  0.192263E-02
 0.150508E+00  0.658896E-01  0.173880E-02
 0.151116E+00  0.626143E-01  0.162064E-02
 0.151724E+00  0.634229E-01  0.173083E-02
 0.152332E+00  0.613294E-01  0.173566E-02
 0.152940E+00  0.602342E-01  0.177732E-02
 0.153548E+00  0.597867E-01  0.177404E-02
 0.154156E+00  0.604157E-01  0.170247E-02
 0.154764E+00  0.582388E-01  0.167058E-02
 0.155372E+00  0.573162E-01  0.174220E-02
 0.155981E+00  0.552709E-01  0.178542E-02
 0.156589E+00  0.529722E-01  0.179135E-02
 0.157197E+00  0.519225E-01  0.166900E-02
 0.157805E+00  0.521170E-01  0.174234E-02
 0.158413E+00  0.524487E-01  0.161664E-02
 0.159021E+00  0.534040E-01  0.167399E-02
 0.159629E+00  0.518108E-01  0.163652E-02
 0.160237E+00  0.491070E-01  0.171583E-02
 0.160845E+00  0.505330E-01  0.166658E-02
 0.161453E+00  0.496693E-01  0.169501E-02
 0.162061E+00  0.506997E-01  0.161755E-02
 0.162669E+00  0.491668E-01  0.162577E-02
 0.163277E+00  0.474686E-01  0.165352E-02
 0.163886E+00  0.468247E-01  0.173919E-02
 0.164494E+00  0.473043E-01  0.165093E-02
 0.165102E+00  0.478164E-01  0.162545E-02
 0.165710E+00  0.478637E-01  0.184194E-02
 0.166318E+00  0.464694E-01  0.166581E-02
 0.166926E+00  0.465143E-01  0.164043E-02
 0.167534E+00  0.444024E-01  0.159137E-02
 0.168142E+00  0.436142E-01  0.165520E-02
 0.168750E+00  0.417061E-01  0.156930E-02
 0.169358E+00  0.443428E-01  0.169098E-02
 0.169966E+00  0.427139E-01  0.162453E-02
 0.170574E+00  0.441760E-01  0.180349E-02
 0.171182E+00  0.449770E-01  0.169108E-02
 0.171790E+00  0.422235E-01  0.171442E-02
 0.172399E+00  0.448785E-01  0.162672E-02
 0.173007E+00  0.416170E-01  0.169360E-02
 0.173615E+00  0.412951E-01  0.161770E-02
 0.174223E+00  0.406994E-01  0.161136E-02
 0.174831E+00  0.400835E-01  0.158428E-02
 0.175439E+00  0.404144E-01  0.159924E-02
 0.176047E+00  0.401064E-01  0.166400E-02
 0.176655E+00  0.399381E-01  0.164952E-02
 0.177263E+00  0.384977E-01  0.167716E-02
 0.177871E+00  0.366865E-01  0.170006E-02
 0.178479E+00  0.325189E-01  0.170410E-02
 0.179087E+00  0.379820E-01  0.175298E-02
 0.179695E+00  0.384626E-01  0.178605E-02
 0.180303E+00  0.395578E-01  0.166280E-02
 0.180911E+00  0.410643E-01  0.170130E-02
 0.181519E+00  0.387997E-01  0.161752E-02
 0.182128E+00  0.385762E-01  0.167282E-02
 0.182736E+00  0.368941E-01  0.159143E-02
 0.183344E+00  0.355586E-01  0.160824E-02
 0.183952E+00  0.334078E-01  0.163187E-02
 0.184560E+00  0.328904E-01  0.177456E-02
 0.185168E+00  0.324229E-01  0.154467E-02
 0.185776E+00  0.335112E-01  0.162831E-02
 0.186384E+00  0.331965E-01  0.165135E-02
 0.186992E+00  0.338532E-01  0.161252E-02
 0.187600E+00  0.332472E-01  0.170172E-02
 0.188208E+00  0.330321E-01  0.160049E-02
 0.188816E+00  0.367354E-01  0.160192E-02
 0.189424E+00  0.366882E-01  0.158560E-02
 0.190032E+00  0.340214E-01  0.161865E-02
 0.190640E+00  0.337895E-01  0.153544E-02
 0.191248E+00  0.339831E-01  0.150361E-02
 0.191856E+00  0.334499E-01  0.150894E-02
 0.192465E+00  0.328379E-01  0.150820E-02
 0.193073E+00  0.349968E-01  0.153700E-02
 0.193681E+00  0.336342E-01  0.154002E-02
 0.194289E+00  0.330336E-01  0.165998E-02
 0.194897E+00  0.321209E-01  0.158720E-02
 0.195505E+00  0.342379E-01  0.154732E-02
 0.196113E+00  0.325778E-01  0.159296E-02
 0.196721E+00  0.307027E-01  0.152791E-02
 0.197329E+00  0.313741E-01  0.156170E-02
 0.197937E+00  0.300341E-01  0.154570E-02
 0.198545E+00  0.312681E-01  0.149482E-02
 0.199153E+00  0.313993E-01  0.155544E-02
 0.199761E+00  0.320550E-01  0.149491E-02
 0.200369E+00  0.327092E-01  0.150346E-02
 0.200977E+00  0.314097E-01  0.155078E-02
 0.201585E+00  0.316730E-01  0.147671E-02
 0.202193E+00  0.302395E-01  0.150560E-02
 0.202801E+00  0.306704E-01  0.149894E-02
 0.203409E+00  0.290315E-01  0.159083E-02
 0.204017E+00  0.315786E-01  0.145364E-02
 0.204625E+00  0.294098E-01  0.152687E-02
 0.205233E+00  0.293632E-01  0.161334E-02
 0.205842E+00  0.304418E-01  0.163038E-02
 0.206450E+00  0.270577E-01  0.173238E-02
 0.207058E+00  0.254354E-01  0.256718E-02
 0.207666E+00  0.262786E-01  0.273122E-02
 0.208274E+00  0.245640E-01  0.485555E-02
 0.208882E+00  0.290442E-01  0.304890E-02
 0.209490E+00  0.297335E-01  0.201197E-02
 0.210098E+00  0.287387E-01  0.173853E-02
 0.210706E+00  0.319110E-01  0.153503E-02
 0.211314E+00  0.323797E-01  0.154049E-02
 0.211922E+00  0.329169E-01  0.144448E-02
 0.212530E+00  0.309715E-01  0.150888E-02
 0.213138E+00  0.296644E-01  0.148723E-02
 0.213746E+00  0.292813E-01  0.147192E-02
 0.214354E+00  0.280118E-01  0.150091E-02
 0.214962E+00  0.285266E-01  0.174233E-02
 0.215570E+00  0.300122E-01  0.148534E-02
 0.216178E+00  0.309368E-01  0.140062E-02
 0.216786E+00  0.290447E-01  0.142084E-02
 0.217394E+00  0.299915E-01  0.145102E-02
 0.218002E+00  0.309215E-01  0.140110E-02
 0.218610E+00  0.283921E-01  0.143394E-02
 0.219218E+00  0.297866E-01  0.138348E-02
 0.219826E+00  0.282290E-01  0.143700E-02
 0.220434E+00  0.294320E-01  0.142361E-02
 0.221042E+00  0.289415E-01  0.140335E-02
 0.221650E+00  0.282680E-01  0.145901E-02
 0.222258E+00  0.278902E-01  0.155367E-02
 0.222866E+00  0.275122E-01  0.190559E-02
 0.223474E+00  0.265661E-01  0.171268E-02
 0.224083E+00  0.275485E-01  0.254662E-02
 0.224691E+00  0.266159E-01  0.167415E-02
 0.225299E+00  0.277853E-01  0.157135E-02
 0.225907E+00  0.294500E-01  0.144604E-02
 0.226515E+00  0.311314E-01  0.144354E-02
 0.227123E+00  0.283715E-01  0.152019E-02
 0.227731E+00  0.287975E-01  0.189685E-02
 0.228339E+00  0.291745E-01  0.254376E-02
 0.228947E+00  0.264321E-01  0.425742E-02
 0.229555E+00  0.270992E-01  0.324076E-02
 0.230163E+00  0.273350E-01  0.176559E-02
 0.230771E+00  0.281078E-01  0.151744E-02
 0.231379E+00  0.266380E-01  0.139955E-02
 0.231987E+00  0.298784E-01  0.140235E-02
 0.232595E+00  0.302100E-01  0.139748E-02
 0.233203E+00  0.290609E-01  0.144001E-02
 0.233811E+00  0.284106E-01  0.129336E-02
 0.234419E+00  0.264352E-01  0.137990E-02
 0.235027E+00  0.260635E-01  0.139501E-02
 0.235635E+00  0.253092E-01  0.165899E-02
 0.236243E+00  0.265177E-01  0.152698E-02
 0.236851E+00  0.263742E-01  0.140626E-02
 0.237459E+00  0.258081E-01  0.150981E-02
 0.238067E+00  0.270890E-01  0.175298E-02
 0.238675E+00  0.260640E-01  0.144420E-02
 0.239283E+00  0.276497E-01  0.173350E-02
 0.239891E+00  0.273829E-01  0.153796E-02
 0.240499E+00  0.277173E-01  0.134319E-02
 0.241107E+00  0.262154E-01  0.133992E-02
 0.241715E+00  0.268671E-01  0.132349E-02
 0.242323E+00  0.280445E-01  0.143530E-02
 0.242931E+00  0.278709E-01  0.135101E-02
 0.243539E+00  0.256815E-01  0.138053E-02
 0.244147E+00  0.262390E-01  0.132015E-02
 0.244755E+00  0.228476E-01  0.137514E-02
 0.245363E+00  0.235435E-01  0.129768E-02
 0.245971E+00  0.244720E-01  0.134202E-02
 0.246579E+00  0.231457E-01  0.130909E-02
 0.247187E+00  0.244965E-01  0.138406E-02
 0.247795E+00  0.243668E-01  0.132756E-02
 0.248403E+00  0.255599E-01  0.136436E-02
 0.249011E+00  0.257599E-01  0.144183E-02
 0.249619E+00  0.245101E-01  0.153928E-02
 0.250227E+00  0.265013E-01  0.142892E-02
 0.250835E+00  0.265479E-01  0.137908E-02
 0.251443E+00  0.259056E-01  0.148682E-02
 0.252051E+00  0.254093E-01  0.133370E-02
 0.252659E+00  0.250963E-01  0.140156E-02
 0.253267E+00  0.232245E-01  0.135010E-02
 0.253875E+00  0.238799E-01  0.128566E-02
 0.254483E+00  0.248734E-01  0.130150E-02
 0.255091E+00  0.229298E-01  0.131019E-02
 0.255699E+00  0.221443E-01  0.128808E-02
 0.256307E+00  0.239303E-01  0.129918E-02
 0.256915E+00  0.239530E-01  0.128952E-02
 0.257523E+00  0.254465E-01  0.150266E-02
 0.258131E+00  0.259457E-01  0.179502E-02
 0.258739E+00  0.238796E-01  0.302218E-02
 0.259347E+00  0.217763E-01  0.172962E-02
 0.259955E+00  0.223252E-01  0.127705E-02
 0.260563E+00  0.235099E-01  0.126329E-02
 0.261171E+00  0.236772E-01  0.124345E-02
 0.261779E+00  0.230843E-01  0.132493E-02
 0.262387E+00  0.218178E-01  0.129670E-02
 0.262995E+00  0.230160E-01  0.129215E-02
 0.263603E+00  0.224334E-01  0.128306E-02
 0.264211E+00  0.219231E-01  0.125620E-02
 0.264819E+00  0.228344E-01  0.123536E-02
 0.265427E+00  0.234800E-01  0.132115E-02
 0.266035E+00  0.229635E-01  0.171047E-02
 0.266643E+00  0.216162E-01  0.304389E-02
 0.267251E+00  0.222763E-01  0.187572E-02
 0.267859E+00  0.206824E-01  0.196433E-02
 0.268467E+00  0.205019E-01  0.168568E-02
 0.269075E+00  0.224781E-01  0.131752E-02
 0.269683E+00  0.239474E-01  0.126041E-02
 0.270291E+00  0.237603E-01  0.126072E-02
 0.270899E+00  0.241099E-01  0.126107E-02
 0.271507E+00  0.250631E-01  0.124010E-02
 0.272115E+00  0.241146E-01  0.126153E-02
 0.272723E+00  0.234214E-01  0.137871E-02
 0.273331E+00  0.226955E-01  0.122766E-02
 0.273939E+00  0.239401E-01  0.121461E-02
 0.274547E+00  0.245783E-01  0.122009E-02
 0.275154E+00  0.244540E-01  0.123009E-02
 0.275762E+00  0.226343E-01  0.125157E-02
 0.276370E+00  0.222840E-01  0.123303E-02
 0.276978E+00  0.209770E-01  0.127202E-02
 0.277586E+00  0.210258E-01  0.125185E-02
 0.278194E+00  0.210231E-01  0.120929E-02
 0.278802E+00  0.220073E-01  0.117599E-02
 0.279410E+00  0.222024E-01  0.124443E-02
 0.280018E+00  0.223850E-01  0.125483E-02
 0.280626E+00  0.215256E-01  0.122845E-02
 0.281234E+00  0.208966E-01  0.127066E-02
 0.281842E+00  0.194855E-01  0.126327E-02
 0.282450E+00  0.189032E-01  0.121756E-02
 0.283058E+00  0.208978E-01  0.114775E-02
 0.283666E+00  0.229625E-01  0.123460E-02
 0.284274E+00  0.221973E-01  0.120117E-02
 0.284882E+00  0.219249E-01  0.121993E-02
 0.285490E+00  0.209629E-01  0.115465E-02
 0.286098E+00  0.194346E-01  0.119558E-02
 0.286706E+00  0.176259E-01  0.118714E-02
 0.287314E+00  0.194474E-01  0.124366E-02
 0.287922E+00  0.202516E-01  0.120216E-02
 0.288530E+00  0.196079E-01  0.118777E-02
 0.289138E+00  0.192938E-01  0.118777E-02
 0.289746E+00  0.201254E-01  0.117332E-02
 0.290354E+00  0.200637E-01  0.111414E-02
 0.290962E+00  0.195656E-01  0.116980E-02
 0.291569E+00  0.216300E-01  0.115245E-02
 0.292177E+00  0.225700E-01  0.113927E-02
 0.292785E+00  0.220394E-01  0.118109E-02
 0.293393E+00  0.236834E-01  0.133239E-02
 0.294001E+00  0.222435E-01  0.202631E-02
 0.294609E+00  0.212689E-01  0.188221E-02
 0.295217E+00  0.230289E-01  0.343829E-02
 0.295825E+00  0.228581E-01  0.194387E-02
 0.296433E+00  0.221228E-01  0.117434E-02
 0.297041E+00  0.218644E-01  0.113527E-02
 0.297649E+00  0.206125E-01  0.115610E-02
 0.298257E+00  0.214087E-01  0.116574E-02
 0.298865E+00  0.209329E-01  0.128958E-02
 0.299473E+00  0.208333E-01  0.151372E-02
 0.300081E+00  0.210787E-01  0.119568E-02
 0.300689E+00  0.198564E-01  0.118616E-02
 0.301297E+00  0.208767E-01  0.117073E-02
 0.301905E+00  0.216796E-01  0.108172E-02
 0.302513E+00  0.183891E-01  0.112581E-02
 0.303120E+00  0.194857E-01  0.112390E-02
 0.303728E+00  0.204123E-01  0.114769E-02
 0.304336E+00  0.203499E-01  0.110611E-02
 0.304944E+00  0.213151E-01  0.110003E-02
 0.305552E+00  0.198693E-01  0.108047E-02
 0.306160E+00  0.209434E-01  0.109982E-02
 0.306768E+00  0.198027E-01  0.112780E-02
 0.307376E+00  0.190769E-01  0.117696E-02
 0.307984E+00  0.212974E-01  0.110953E-02
 0.308592E+00  0.210507E-01  0.115267E-02
 0.309200E+00  0.201812E-01  0.111643E-02
 0.309808E+00  0.207747E-01  0.124103E-02
 0.310416E+00  0.212784E-01  0.136230E-02
 0.311024E+00  0.217678E-01  0.146443E-02
 0.311632E+00  0.200129E-01  0.120619E-02
 0.312239E+00  0.214043E-01  0.117411E-02
 0.312847E+00  0.201275E-01  0.112156E-02
 0.313455E+00  0.197698E-01  0.117405E-02
 0.314063E+00  0.201641E-01  0.130218E-02
 0.314671E+00  0.187844E-01  0.123739E-02
 0.315279E+00  0.194634E-01  0.131921E-02
 0.315887E+00  0.183426E-01  0.129363E-02
 0.316495E+00  0.205386E-01  0.139775E-02
 0.317103E+00  0.196949E-01  0.137317E-02
 0.317711E+00  0.191734E-01  0.145588E-02
 0.318319E+00  0.213414E-01  0.866455E-03
 0.318927E+00  0.202549E-01  0.947010E-03
 0.319535E+00  0.195595E-01  0.968071E-03
 0.320142E+00  0.195069E-01  0.104617E-02
 0.320750E+00  0.204778E-01  0.104257E-02
 0.321358E+00  0.219975E-01  0.105568E-02
 0.321966E+00  0.209711E-01  0.109729E-02
 0.322574E+00  0.211566E-01  0.115295E-02
 0.323182E+00  0.215494E-01  0.126165E-02
 0.323790E+00  0.215817E-01  0.153539E-02
 0.324398E+00  0.220733E-01  0.187420E-02
---------Y:\Desktop\SAXS\LBL_1029_2009\p1_dat\23910_E2_2.mccd.dat-------------------
---------Y:\Desktop\SAXS\LBL_1029_2009\p1_dat\23910_E3_2.mccd.dat-------------------
---------Y:\Desktop\SAXS\LBL_1029_2009\p1_dat\23910_E4_2.mccd.dat-------------------
---------Y:\Desktop\SAXS\LBL_1029_2009\p1_dat\23910_E5_2.mccd.dat-------------------
---------Y:\Desktop\SAXS\LBL_1029_2009\p1_dat\23910_E6_2.mccd.dat-------------------
---------Y:\Desktop\SAXS\LBL_1029_2009\p1_dat\23910_E2_1.mccd.dat-------------------
---------Y:\Desktop\SAXS\LBL_1029_2009\p1_dat\23910_E2_3.mccd.dat-------------------
---------Y:\Desktop\SAXS\LBL_1029_2009\p1_dat\23910_E3_1.mccd.dat-------------------
---------Y:\Desktop\SAXS\LBL_1029_2009\p1_dat\23910_E3_3.mccd.dat-------------------
---------Y:\Desktop\SAXS\LBL_1029_2009\p2_dat\23910_B4_2.mccd.dat-------------------
