 Merge of: p2_B3_2.mccd p2_B6_2.mccd p2_E7_2.mccd                                                                                                                                                                                                               
p2_B3_2.mccd  Conc = .10E+01  Mult = .20E+01  N1 =   27  N2 =  510  SCALE =  1
p2_B6_2.mccd  Conc = .10E+01  Mult = .14E+01  N1 =   22  N2 =  107  SCALE =  1
p2_E7_2.mccd  Conc = .10E+01  Mult = .10E+01  N1 =    5  N2 =  510  SCALE =  1
 0.130740E-01  0.104857E+02  0.847204E+00
 0.136820E-01  0.987183E+01  0.700205E+00
 0.142900E-01  0.988108E+01  0.529969E+00
 0.148980E-01  0.103292E+02  0.456024E+00
 0.155060E-01  0.998699E+01  0.424177E+00
 0.161140E-01  0.101680E+02  0.359785E+00
 0.167220E-01  0.102786E+02  0.353692E+00
 0.173300E-01  0.105099E+02  0.316742E+00
 0.179380E-01  0.103340E+02  0.259181E+00
 0.185460E-01  0.100137E+02  0.232196E+00
 0.191550E-01  0.984655E+01  0.241654E+00
 0.197630E-01  0.988026E+01  0.233612E+00
 0.203710E-01  0.969766E+01  0.218922E+00
 0.209790E-01  0.975283E+01  0.250533E+00
 0.215870E-01  0.969343E+01  0.185542E+00
 0.221950E-01  0.950441E+01  0.205500E+00
 0.228030E-01  0.958583E+01  0.325713E+00
 0.234110E-01  0.958191E+01  0.151176E+00
 0.240190E-01  0.948483E+01  0.114619E+00
 0.246270E-01  0.947397E+01  0.127852E+00
 0.252350E-01  0.947603E+01  0.123009E+00
 0.258430E-01  0.919000E+01  0.239498E+00
 0.264520E-01  0.911687E+01  0.121217E+00
 0.270600E-01  0.919722E+01  0.120407E+00
 0.276680E-01  0.907016E+01  0.110081E+00
 0.282760E-01  0.904525E+01  0.115815E+00
 0.288840E-01  0.910091E+01  0.101416E+00
 0.294920E-01  0.909146E+01  0.102882E+00
 0.301000E-01  0.886957E+01  0.106238E+00
 0.307080E-01  0.899121E+01  0.100288E+00
 0.313160E-01  0.885202E+01  0.960537E-01
 0.319240E-01  0.893171E+01  0.892338E-01
 0.325320E-01  0.868026E+01  0.965234E-01
 0.331400E-01  0.861117E+01  0.961513E-01
 0.337480E-01  0.850324E+01  0.917016E-01
 0.343570E-01  0.832392E+01  0.892432E-01
 0.349650E-01  0.818973E+01  0.100635E+00
 0.355730E-01  0.805275E+01  0.879626E-01
 0.361810E-01  0.812081E+01  0.939961E-01
 0.367890E-01  0.811683E+01  0.927668E-01
 0.373970E-01  0.795566E+01  0.868265E-01
 0.380050E-01  0.804049E+01  0.871354E-01
 0.386130E-01  0.789465E+01  0.921546E-01
 0.392210E-01  0.764935E+01  0.903912E-01
 0.398290E-01  0.766803E+01  0.812027E-01
 0.404370E-01  0.756697E+01  0.876039E-01
 0.410450E-01  0.749616E+01  0.757521E-01
 0.416540E-01  0.735959E+01  0.775185E-01
 0.422620E-01  0.728804E+01  0.752295E-01
 0.428700E-01  0.717185E+01  0.695234E-01
 0.434780E-01  0.710724E+01  0.715976E-01
 0.440860E-01  0.702975E+01  0.724690E-01
 0.446940E-01  0.699610E+01  0.712117E-01
 0.453020E-01  0.698096E+01  0.708047E-01
 0.459100E-01  0.687028E+01  0.726456E-01
 0.465180E-01  0.673476E+01  0.698201E-01
 0.471260E-01  0.677004E+01  0.737828E-01
 0.477340E-01  0.661706E+01  0.663385E-01
 0.483420E-01  0.651173E+01  0.663174E-01
 0.489500E-01  0.640449E+01  0.660715E-01
 0.495590E-01  0.644900E+01  0.679832E-01
 0.501670E-01  0.626812E+01  0.674748E-01
 0.507750E-01  0.623602E+01  0.690044E-01
 0.513830E-01  0.609545E+01  0.661965E-01
 0.519910E-01  0.599626E+01  0.675893E-01
 0.525990E-01  0.588131E+01  0.653614E-01
 0.532070E-01  0.582281E+01  0.642568E-01
 0.538150E-01  0.572425E+01  0.578750E-01
 0.544230E-01  0.560807E+01  0.571091E-01
 0.550310E-01  0.555833E+01  0.602415E-01
 0.556390E-01  0.556713E+01  0.602417E-01
 0.562470E-01  0.541881E+01  0.620227E-01
 0.568550E-01  0.543050E+01  0.593063E-01
 0.574630E-01  0.537991E+01  0.588380E-01
 0.580720E-01  0.525623E+01  0.578121E-01
 0.586800E-01  0.529543E+01  0.555497E-01
 0.592880E-01  0.521408E+01  0.556356E-01
 0.598960E-01  0.510325E+01  0.592679E-01
 0.605040E-01  0.498247E+01  0.551701E-01
 0.611120E-01  0.492825E+01  0.585920E-01
 0.617200E-01  0.481440E+01  0.557658E-01
 0.623280E-01  0.471254E+01  0.563029E-01
 0.629360E-01  0.470415E+01  0.594368E-01
 0.635440E-01  0.457288E+01  0.617008E-01
 0.641520E-01  0.456023E+01  0.573278E-01
 0.647600E-01  0.447015E+01  0.554738E-01
 0.653680E-01  0.443135E+01  0.545521E-01
 0.659770E-01  0.435377E+01  0.518676E-01
 0.665850E-01  0.429721E+01  0.546118E-01
 0.671930E-01  0.411662E+01  0.538220E-01
 0.678010E-01  0.408407E+01  0.553864E-01
 0.684090E-01  0.409567E+01  0.550878E-01
 0.690170E-01  0.398044E+01  0.543296E-01
 0.696250E-01  0.390652E+01  0.537554E-01
 0.702330E-01  0.390367E+01  0.531776E-01
 0.708410E-01  0.382193E+01  0.511681E-01
 0.714490E-01  0.377941E+01  0.530788E-01
 0.720570E-01  0.371480E+01  0.502974E-01
 0.726650E-01  0.363694E+01  0.526038E-01
 0.732730E-01  0.355028E+01  0.495876E-01
 0.738810E-01  0.349708E+01  0.534201E-01
 0.744900E-01  0.338857E+01  0.530587E-01
 0.750980E-01  0.336102E+01  0.525265E-01
 0.757060E-01  0.343178E+01  0.627512E-01
 0.763140E-01  0.322960E+01  0.629714E-01
 0.769220E-01  0.327573E+01  0.647109E-01
 0.775300E-01  0.316609E+01  0.629100E-01
 0.781380E-01  0.308140E+01  0.590543E-01
 0.787460E-01  0.298235E+01  0.590366E-01
 0.793540E-01  0.289008E+01  0.613734E-01
 0.799620E-01  0.292773E+01  0.589290E-01
 0.805700E-01  0.281073E+01  0.583208E-01
 0.811780E-01  0.275020E+01  0.552736E-01
 0.817860E-01  0.269663E+01  0.562577E-01
 0.823940E-01  0.265067E+01  0.539985E-01
 0.830020E-01  0.261144E+01  0.511490E-01
 0.836110E-01  0.259205E+01  0.537861E-01
 0.842190E-01  0.253388E+01  0.562524E-01
 0.848270E-01  0.251634E+01  0.530987E-01
 0.854350E-01  0.246747E+01  0.542140E-01
 0.860430E-01  0.245071E+01  0.543444E-01
 0.866510E-01  0.239241E+01  0.520105E-01
 0.872590E-01  0.241711E+01  0.562850E-01
 0.878670E-01  0.233643E+01  0.552351E-01
 0.884750E-01  0.224015E+01  0.534089E-01
 0.890830E-01  0.222884E+01  0.550503E-01
 0.896910E-01  0.225480E+01  0.534488E-01
 0.902990E-01  0.210493E+01  0.538803E-01
 0.909070E-01  0.204482E+01  0.536574E-01
 0.915150E-01  0.205177E+01  0.562796E-01
 0.921230E-01  0.204408E+01  0.535386E-01
 0.927320E-01  0.199253E+01  0.537816E-01
 0.933400E-01  0.193569E+01  0.549744E-01
 0.939480E-01  0.187016E+01  0.515934E-01
 0.945560E-01  0.181299E+01  0.538593E-01
 0.951640E-01  0.177620E+01  0.518528E-01
 0.957720E-01  0.168773E+01  0.519912E-01
 0.963800E-01  0.169412E+01  0.537176E-01
 0.969880E-01  0.168967E+01  0.562843E-01
 0.975960E-01  0.164325E+01  0.533877E-01
 0.982040E-01  0.163400E+01  0.506913E-01
 0.988120E-01  0.156970E+01  0.534872E-01
 0.994200E-01  0.155248E+01  0.507441E-01
 0.100028E+00  0.144559E+01  0.515945E-01
 0.100636E+00  0.145999E+01  0.516031E-01
 0.101244E+00  0.139661E+01  0.506979E-01
 0.101852E+00  0.140095E+01  0.504608E-01
 0.102461E+00  0.132099E+01  0.523470E-01
 0.103069E+00  0.133055E+01  0.464564E-01
 0.103677E+00  0.127178E+01  0.492609E-01
 0.104285E+00  0.126590E+01  0.491755E-01
 0.104893E+00  0.129017E+01  0.498644E-01
 0.105501E+00  0.122840E+01  0.496524E-01
 0.106109E+00  0.123434E+01  0.480275E-01
 0.106717E+00  0.121059E+01  0.492557E-01
 0.107325E+00  0.123482E+01  0.478589E-01
 0.107933E+00  0.117917E+01  0.484038E-01
 0.108541E+00  0.114352E+01  0.494908E-01
 0.109149E+00  0.112116E+01  0.471321E-01
 0.109757E+00  0.115530E+01  0.478560E-01
 0.110365E+00  0.118920E+01  0.479096E-01
 0.110973E+00  0.115302E+01  0.463817E-01
 0.111581E+00  0.107860E+01  0.465003E-01
 0.112189E+00  0.103479E+01  0.460741E-01
 0.112798E+00  0.990607E+00  0.476071E-01
 0.113406E+00  0.974768E+00  0.466560E-01
 0.114014E+00  0.931940E+00  0.450244E-01
 0.114622E+00  0.899172E+00  0.440560E-01
 0.115230E+00  0.849423E+00  0.447602E-01
 0.115838E+00  0.818769E+00  0.454952E-01
 0.116446E+00  0.766745E+00  0.479466E-01
 0.117054E+00  0.866262E+00  0.464633E-01
 0.117662E+00  0.863870E+00  0.444186E-01
 0.118270E+00  0.831181E+00  0.451893E-01
 0.118878E+00  0.835503E+00  0.452112E-01
 0.119486E+00  0.855817E+00  0.452162E-01
 0.120094E+00  0.872476E+00  0.428423E-01
 0.120702E+00  0.895044E+00  0.438255E-01
 0.121310E+00  0.872293E+00  0.441529E-01
 0.121918E+00  0.742297E+00  0.439470E-01
 0.122526E+00  0.735923E+00  0.452092E-01
 0.123134E+00  0.664594E+00  0.445715E-01
 0.123742E+00  0.738261E+00  0.450158E-01
 0.124351E+00  0.702126E+00  0.450523E-01
 0.124959E+00  0.684275E+00  0.431486E-01
 0.125567E+00  0.592241E+00  0.442339E-01
 0.126175E+00  0.566342E+00  0.435565E-01
 0.126783E+00  0.659930E+00  0.444078E-01
 0.127391E+00  0.671459E+00  0.456424E-01
 0.127999E+00  0.652898E+00  0.446453E-01
 0.128607E+00  0.633314E+00  0.441756E-01
 0.129215E+00  0.585506E+00  0.427163E-01
 0.129823E+00  0.637790E+00  0.410968E-01
 0.130431E+00  0.570135E+00  0.406296E-01
 0.131039E+00  0.590838E+00  0.410993E-01
 0.131647E+00  0.570399E+00  0.410480E-01
 0.132255E+00  0.601951E+00  0.433149E-01
 0.132863E+00  0.617104E+00  0.440862E-01
 0.133471E+00  0.622910E+00  0.429512E-01
 0.134079E+00  0.618540E+00  0.449571E-01
 0.134687E+00  0.568590E+00  0.456159E-01
 0.135295E+00  0.565367E+00  0.430751E-01
 0.135903E+00  0.519219E+00  0.446374E-01
 0.136511E+00  0.525692E+00  0.453375E-01
 0.137119E+00  0.483685E+00  0.431747E-01
 0.137728E+00  0.578101E+00  0.437492E-01
 0.138336E+00  0.572581E+00  0.451910E-01
 0.138944E+00  0.539197E+00  0.443279E-01
 0.139552E+00  0.562457E+00  0.425063E-01
 0.140160E+00  0.584085E+00  0.423835E-01
 0.140768E+00  0.575370E+00  0.409403E-01
 0.141376E+00  0.591567E+00  0.407450E-01
 0.141984E+00  0.573192E+00  0.427515E-01
 0.142592E+00  0.570739E+00  0.439944E-01
 0.143200E+00  0.577921E+00  0.411996E-01
 0.143808E+00  0.516528E+00  0.421760E-01
 0.144416E+00  0.509640E+00  0.416371E-01
 0.145024E+00  0.465036E+00  0.401025E-01
 0.145632E+00  0.515948E+00  0.414011E-01
 0.146240E+00  0.557613E+00  0.402990E-01
 0.146848E+00  0.549562E+00  0.421293E-01
 0.147456E+00  0.475954E+00  0.423789E-01
 0.148064E+00  0.512895E+00  0.411219E-01
 0.148672E+00  0.546304E+00  0.474242E-01
 0.149280E+00  0.584070E+00  0.510458E-01
 0.149888E+00  0.575504E+00  0.427581E-01
 0.150496E+00  0.554522E+00  0.390523E-01
 0.151104E+00  0.459985E+00  0.395443E-01
 0.151712E+00  0.498804E+00  0.368686E-01
 0.152320E+00  0.536995E+00  0.370198E-01
 0.152928E+00  0.527355E+00  0.400408E-01
 0.153537E+00  0.491798E+00  0.383218E-01
 0.154145E+00  0.510046E+00  0.396169E-01
 0.154753E+00  0.506871E+00  0.423794E-01
 0.155361E+00  0.508397E+00  0.409860E-01
 0.155969E+00  0.468224E+00  0.400930E-01
 0.156577E+00  0.495880E+00  0.410936E-01
 0.157185E+00  0.478859E+00  0.387283E-01
 0.157793E+00  0.482384E+00  0.374092E-01
 0.158401E+00  0.465855E+00  0.368777E-01
 0.159009E+00  0.510805E+00  0.353717E-01
 0.159617E+00  0.471130E+00  0.382272E-01
 0.160225E+00  0.513825E+00  0.370663E-01
 0.160833E+00  0.482054E+00  0.371883E-01
 0.161441E+00  0.487695E+00  0.371950E-01
 0.162049E+00  0.500695E+00  0.389446E-01
 0.162657E+00  0.514540E+00  0.373081E-01
 0.163265E+00  0.448004E+00  0.377228E-01
 0.163873E+00  0.458057E+00  0.376967E-01
 0.164481E+00  0.451238E+00  0.358690E-01
 0.165089E+00  0.513933E+00  0.352149E-01
 0.165697E+00  0.489149E+00  0.359423E-01
 0.166305E+00  0.517714E+00  0.366954E-01
 0.166913E+00  0.507601E+00  0.371655E-01
 0.167521E+00  0.523470E+00  0.369375E-01
 0.168129E+00  0.510849E+00  0.365084E-01
 0.168737E+00  0.496717E+00  0.369957E-01
 0.169345E+00  0.589647E+00  0.357392E-01
 0.169953E+00  0.605802E+00  0.367497E-01
 0.170561E+00  0.580094E+00  0.368565E-01
 0.171169E+00  0.555834E+00  0.374626E-01
 0.171777E+00  0.485539E+00  0.372838E-01
 0.172385E+00  0.523403E+00  0.370793E-01
 0.172993E+00  0.526450E+00  0.362452E-01
 0.173601E+00  0.464025E+00  0.362877E-01
 0.174209E+00  0.543163E+00  0.357663E-01
 0.174817E+00  0.501426E+00  0.359192E-01
 0.175425E+00  0.501218E+00  0.359120E-01
 0.176033E+00  0.480646E+00  0.369373E-01
 0.176641E+00  0.505690E+00  0.362077E-01
 0.177250E+00  0.556764E+00  0.341013E-01
 0.177858E+00  0.533814E+00  0.351077E-01
 0.178466E+00  0.528572E+00  0.356166E-01
 0.179074E+00  0.500712E+00  0.368576E-01
 0.179682E+00  0.469154E+00  0.366050E-01
 0.180290E+00  0.497360E+00  0.369245E-01
 0.180898E+00  0.554964E+00  0.368669E-01
 0.181506E+00  0.535423E+00  0.363039E-01
 0.182114E+00  0.516360E+00  0.372574E-01
 0.182722E+00  0.543751E+00  0.361628E-01
 0.183330E+00  0.546316E+00  0.361992E-01
 0.183938E+00  0.506969E+00  0.369480E-01
 0.184546E+00  0.542851E+00  0.358387E-01
 0.185154E+00  0.533108E+00  0.361451E-01
 0.185762E+00  0.541590E+00  0.359421E-01
 0.186370E+00  0.511752E+00  0.354176E-01
 0.186978E+00  0.529924E+00  0.360810E-01
 0.187586E+00  0.511668E+00  0.352369E-01
 0.188194E+00  0.507992E+00  0.345122E-01
 0.188802E+00  0.521072E+00  0.344867E-01
 0.189410E+00  0.512294E+00  0.347220E-01
 0.190018E+00  0.530533E+00  0.353562E-01
 0.190626E+00  0.511244E+00  0.340093E-01
 0.191234E+00  0.434078E+00  0.347834E-01
 0.191842E+00  0.425019E+00  0.347039E-01
 0.192450E+00  0.442521E+00  0.342775E-01
 0.193058E+00  0.438647E+00  0.347897E-01
 0.193666E+00  0.512061E+00  0.342936E-01
 0.194274E+00  0.479947E+00  0.339889E-01
 0.194882E+00  0.507603E+00  0.336833E-01
 0.195490E+00  0.527872E+00  0.331532E-01
 0.196098E+00  0.518916E+00  0.330608E-01
 0.196706E+00  0.497537E+00  0.356788E-01
 0.197314E+00  0.520968E+00  0.342761E-01
 0.197922E+00  0.491606E+00  0.367589E-01
 0.198530E+00  0.499066E+00  0.338233E-01
 0.199138E+00  0.535054E+00  0.327271E-01
 0.199746E+00  0.532916E+00  0.339203E-01
 0.200354E+00  0.518466E+00  0.333867E-01
 0.200962E+00  0.530446E+00  0.319285E-01
 0.201570E+00  0.526460E+00  0.321152E-01
 0.202178E+00  0.532097E+00  0.319991E-01
 0.202786E+00  0.499079E+00  0.323495E-01
 0.203394E+00  0.486611E+00  0.326976E-01
 0.204002E+00  0.483094E+00  0.330778E-01
 0.204610E+00  0.522756E+00  0.312334E-01
 0.205218E+00  0.504903E+00  0.340451E-01
 0.205826E+00  0.537462E+00  0.328388E-01
 0.206434E+00  0.551759E+00  0.329489E-01
 0.207042E+00  0.488931E+00  0.339776E-01
 0.207650E+00  0.499580E+00  0.320988E-01
 0.208258E+00  0.477855E+00  0.331626E-01
 0.208866E+00  0.500145E+00  0.339256E-01
 0.209474E+00  0.494840E+00  0.348244E-01
 0.210082E+00  0.514987E+00  0.327193E-01
 0.210690E+00  0.511344E+00  0.327554E-01
 0.211298E+00  0.524540E+00  0.325703E-01
 0.211906E+00  0.505290E+00  0.322895E-01
 0.212514E+00  0.525155E+00  0.324395E-01
 0.213122E+00  0.489552E+00  0.334993E-01
 0.213730E+00  0.498786E+00  0.317126E-01
 0.214338E+00  0.419845E+00  0.317603E-01
 0.214946E+00  0.479716E+00  0.321064E-01
 0.215554E+00  0.462823E+00  0.321281E-01
 0.216162E+00  0.483712E+00  0.317767E-01
 0.216770E+00  0.524494E+00  0.349926E-01
 0.217378E+00  0.499256E+00  0.323537E-01
 0.217986E+00  0.516701E+00  0.323075E-01
 0.218594E+00  0.485229E+00  0.329901E-01
 0.219202E+00  0.452509E+00  0.328657E-01
 0.219810E+00  0.505415E+00  0.319673E-01
 0.220418E+00  0.475525E+00  0.308861E-01
 0.221025E+00  0.462641E+00  0.308031E-01
 0.221633E+00  0.422220E+00  0.324116E-01
 0.222241E+00  0.452897E+00  0.313479E-01
 0.222849E+00  0.455490E+00  0.311244E-01
 0.223457E+00  0.484719E+00  0.306704E-01
 0.224065E+00  0.472235E+00  0.304080E-01
 0.224673E+00  0.517144E+00  0.311037E-01
 0.225281E+00  0.486717E+00  0.319507E-01
 0.225889E+00  0.491772E+00  0.320207E-01
 0.226497E+00  0.498258E+00  0.310727E-01
 0.227105E+00  0.475824E+00  0.302746E-01
 0.227713E+00  0.492976E+00  0.298617E-01
 0.228321E+00  0.485182E+00  0.302043E-01
 0.228929E+00  0.530609E+00  0.330758E-01
 0.229537E+00  0.457267E+00  0.311801E-01
 0.230145E+00  0.478727E+00  0.302566E-01
 0.230753E+00  0.459291E+00  0.303839E-01
 0.231361E+00  0.481159E+00  0.298167E-01
 0.231969E+00  0.489671E+00  0.295369E-01
 0.232577E+00  0.490795E+00  0.316333E-01
 0.233185E+00  0.474922E+00  0.311851E-01
 0.233793E+00  0.510197E+00  0.301742E-01
 0.234401E+00  0.493035E+00  0.310215E-01
 0.235009E+00  0.483330E+00  0.297656E-01
 0.235617E+00  0.506573E+00  0.291397E-01
 0.236225E+00  0.488926E+00  0.289631E-01
 0.236833E+00  0.483086E+00  0.288819E-01
 0.237441E+00  0.461165E+00  0.290656E-01
 0.238049E+00  0.455607E+00  0.301710E-01
 0.238657E+00  0.463186E+00  0.296839E-01
 0.239265E+00  0.477987E+00  0.295724E-01
 0.239873E+00  0.442206E+00  0.300824E-01
 0.240481E+00  0.431996E+00  0.299028E-01
 0.241089E+00  0.437982E+00  0.299464E-01
 0.241697E+00  0.469406E+00  0.299811E-01
 0.242304E+00  0.495176E+00  0.298808E-01
 0.242912E+00  0.483240E+00  0.304510E-01
 0.243520E+00  0.487309E+00  0.306059E-01
 0.244128E+00  0.488120E+00  0.294182E-01
 0.244736E+00  0.485081E+00  0.307876E-01
 0.245344E+00  0.471504E+00  0.292485E-01
 0.245952E+00  0.456016E+00  0.288042E-01
 0.246560E+00  0.531355E+00  0.281448E-01
 0.247168E+00  0.523869E+00  0.296676E-01
 0.247776E+00  0.533918E+00  0.291741E-01
 0.248384E+00  0.593163E+00  0.308986E-01
 0.248992E+00  0.528743E+00  0.300796E-01
 0.249600E+00  0.526646E+00  0.288801E-01
 0.250208E+00  0.512286E+00  0.287299E-01
 0.250816E+00  0.511032E+00  0.292466E-01
 0.251424E+00  0.493088E+00  0.295406E-01
 0.252032E+00  0.504695E+00  0.289694E-01
 0.252640E+00  0.483857E+00  0.299951E-01
 0.253248E+00  0.500059E+00  0.289572E-01
 0.253856E+00  0.492734E+00  0.289124E-01
 0.254464E+00  0.475312E+00  0.282241E-01
 0.255072E+00  0.491931E+00  0.277333E-01
 0.255679E+00  0.491502E+00  0.289960E-01
 0.256287E+00  0.500047E+00  0.292388E-01
 0.256895E+00  0.469015E+00  0.288881E-01
 0.257503E+00  0.468002E+00  0.288500E-01
 0.258111E+00  0.495888E+00  0.286997E-01
 0.258719E+00  0.504610E+00  0.294077E-01
 0.259327E+00  0.486454E+00  0.293393E-01
 0.259935E+00  0.490038E+00  0.292521E-01
 0.260543E+00  0.499390E+00  0.284245E-01
 0.261151E+00  0.519428E+00  0.273785E-01
 0.261759E+00  0.488886E+00  0.300165E-01
 0.262367E+00  0.508215E+00  0.313985E-01
 0.262975E+00  0.511924E+00  0.281426E-01
 0.263583E+00  0.537069E+00  0.297503E-01
 0.264191E+00  0.545879E+00  0.289677E-01
 0.264799E+00  0.531959E+00  0.286525E-01
 0.265407E+00  0.515281E+00  0.298503E-01
 0.266014E+00  0.514527E+00  0.327899E-01
 0.266622E+00  0.531866E+00  0.294702E-01
 0.267230E+00  0.539031E+00  0.291268E-01
 0.267838E+00  0.505434E+00  0.272953E-01
 0.268446E+00  0.508925E+00  0.270401E-01
 0.269054E+00  0.550361E+00  0.281584E-01
 0.269662E+00  0.519020E+00  0.277323E-01
 0.270270E+00  0.502955E+00  0.286518E-01
 0.270878E+00  0.553570E+00  0.281789E-01
 0.271486E+00  0.533908E+00  0.283341E-01
 0.272094E+00  0.508000E+00  0.279172E-01
 0.272702E+00  0.501766E+00  0.277396E-01
 0.273310E+00  0.503083E+00  0.269824E-01
 0.273918E+00  0.565763E+00  0.266073E-01
 0.274526E+00  0.589164E+00  0.268217E-01
 0.275133E+00  0.539480E+00  0.277440E-01
 0.275741E+00  0.549087E+00  0.270444E-01
 0.276349E+00  0.480084E+00  0.275591E-01
 0.276957E+00  0.512757E+00  0.263620E-01
 0.277565E+00  0.531070E+00  0.272748E-01
 0.278173E+00  0.508777E+00  0.317530E-01
 0.278781E+00  0.549080E+00  0.475493E-01
 0.279389E+00  0.528684E+00  0.319543E-01
 0.279997E+00  0.545868E+00  0.300945E-01
 0.280605E+00  0.528005E+00  0.274505E-01
 0.281213E+00  0.498129E+00  0.272469E-01
 0.281821E+00  0.501607E+00  0.271071E-01
 0.282429E+00  0.499122E+00  0.261488E-01
 0.283036E+00  0.504279E+00  0.260680E-01
 0.283644E+00  0.507776E+00  0.267568E-01
 0.284252E+00  0.531501E+00  0.264187E-01
 0.284860E+00  0.524735E+00  0.260700E-01
 0.285468E+00  0.530841E+00  0.266912E-01
 0.286076E+00  0.504747E+00  0.249680E-01
 0.286684E+00  0.519545E+00  0.261800E-01
 0.287292E+00  0.520566E+00  0.259583E-01
 0.287900E+00  0.498386E+00  0.245900E-01
 0.288508E+00  0.503252E+00  0.260278E-01
 0.289116E+00  0.464168E+00  0.263681E-01
 0.289723E+00  0.479194E+00  0.269696E-01
 0.290331E+00  0.499370E+00  0.264860E-01
 0.290939E+00  0.497375E+00  0.261396E-01
 0.291547E+00  0.533625E+00  0.275372E-01
 0.292155E+00  0.517771E+00  0.259281E-01
 0.292763E+00  0.549365E+00  0.257007E-01
 0.293371E+00  0.489884E+00  0.242997E-01
 0.293979E+00  0.492158E+00  0.243150E-01
 0.294587E+00  0.507426E+00  0.251459E-01
 0.295195E+00  0.534090E+00  0.244888E-01
 0.295803E+00  0.501027E+00  0.246024E-01
 0.296410E+00  0.513524E+00  0.254442E-01
 0.297018E+00  0.519376E+00  0.247602E-01
 0.297626E+00  0.491767E+00  0.251481E-01
 0.298234E+00  0.492564E+00  0.251403E-01
 0.298842E+00  0.473725E+00  0.243309E-01
 0.299450E+00  0.500000E+00  0.249386E-01
 0.300058E+00  0.503759E+00  0.247566E-01
 0.300666E+00  0.521076E+00  0.238293E-01
 0.301274E+00  0.537909E+00  0.243496E-01
 0.301881E+00  0.510781E+00  0.240705E-01
 0.302489E+00  0.526841E+00  0.239778E-01
 0.303097E+00  0.506738E+00  0.247413E-01
 0.303705E+00  0.503392E+00  0.246689E-01
 0.304313E+00  0.522577E+00  0.244173E-01
 0.304921E+00  0.515673E+00  0.242661E-01
 0.305529E+00  0.493264E+00  0.242456E-01
 0.306137E+00  0.512433E+00  0.233078E-01
 0.306745E+00  0.527658E+00  0.234332E-01
 0.307353E+00  0.476308E+00  0.248478E-01
 0.307960E+00  0.463291E+00  0.240378E-01
 0.308568E+00  0.493754E+00  0.242604E-01
 0.309176E+00  0.496230E+00  0.236927E-01
 0.309784E+00  0.530788E+00  0.245957E-01
 0.310392E+00  0.512773E+00  0.234968E-01
 0.311000E+00  0.527792E+00  0.240449E-01
 0.311608E+00  0.572600E+00  0.235056E-01
 0.312216E+00  0.554861E+00  0.234309E-01
 0.312823E+00  0.527726E+00  0.236496E-01
 0.313431E+00  0.546742E+00  0.243639E-01
 0.314039E+00  0.518690E+00  0.260828E-01
 0.314647E+00  0.514821E+00  0.269758E-01
 0.315255E+00  0.532472E+00  0.265268E-01
 0.315863E+00  0.516468E+00  0.285809E-01
 0.316471E+00  0.541367E+00  0.302108E-01
 0.317079E+00  0.556574E+00  0.313273E-01
 0.317686E+00  0.575693E+00  0.363596E-01
 0.318294E+00  0.574782E+00  0.385164E-01
 0.318902E+00  0.584593E+00  0.441882E-01
 0.319510E+00  0.565688E+00  0.559161E-01
---------Y:\Desktop\SAXS\LBL_1220_2009\dat\p2_B3_2.mccd.dat-------------------
---------Y:\Desktop\SAXS\LBL_1220_2009\dat\p2_B6_2.mccd.dat-------------------
---------Y:\Desktop\SAXS\LBL_1220_2009\dat\p2_E7_2.mccd.dat-------------------
