 Merge of: p3_D3_2.mccd p3_D6_2.mccd p3_D7_2.mccd p3_D10_2.mcc p3_D10_1.mcc p4_B3_2.mccd p4_B4_2.mccd p4_B7_1.mccd p4_B8_2.mccd p4_B8_1.mccd                                                                                                                    
p3_D3_2.mccd  Conc = .10E+01  Mult = .18E+01  N1 =   13  N2 =  179  SCALE =  1
p3_D6_2.mccd  Conc = .10E+01  Mult = .10E+01  N1 =    6  N2 =  119  SCALE =  1
p3_D7_2.mccd  Conc = .10E+01  Mult = .77E+00  N1 =   18  N2 =   98  SCALE =  1
p3_D10_2.mcc  Conc = .10E+01  Mult = .26E+00  N1 =  110  N2 =  500  SCALE =  1
p3_D10_1.mcc  Conc = .10E+01  Mult = .26E+00  N1 =   27  N2 =  501  SCALE =  1
p4_B3_2.mccd  Conc = .10E+01  Mult = .20E+01  N1 =   20  N2 =  179  SCALE =  1
p4_B4_2.mccd  Conc = .10E+01  Mult = .11E+01  N1 =    9  N2 =  189  SCALE =  1
p4_B7_1.mccd  Conc = .10E+01  Mult = .84E+00  N1 =   10  N2 =  106  SCALE =  1
p4_B8_2.mccd  Conc = .10E+01  Mult = .33E+00  N1 =   50  N2 =  273  SCALE =  1
p4_B8_1.mccd  Conc = .10E+01  Mult = .33E+00  N1 =   87  N2 =  500  SCALE =  1
 0.136820E-01  0.315144E+02  0.481352E+00
 0.142900E-01  0.312748E+02  0.541943E+00
 0.148980E-01  0.310315E+02  0.907194E+00
 0.155060E-01  0.309938E+02  0.931162E+00
 0.161140E-01  0.308029E+02  0.391431E+00
 0.167220E-01  0.303149E+02  0.351575E+00
 0.173300E-01  0.300766E+02  0.447658E+00
 0.179380E-01  0.297463E+02  0.240637E+00
 0.185460E-01  0.291276E+02  0.235235E+00
 0.191550E-01  0.288609E+02  0.229087E+00
 0.197630E-01  0.283771E+02  0.212030E+00
 0.203710E-01  0.277912E+02  0.185773E+00
 0.209790E-01  0.275536E+02  0.174334E+00
 0.215870E-01  0.268763E+02  0.237378E+00
 0.221950E-01  0.265221E+02  0.163047E+00
 0.228030E-01  0.261843E+02  0.125088E+00
 0.234110E-01  0.256714E+02  0.122283E+00
 0.240190E-01  0.252567E+02  0.123989E+00
 0.246270E-01  0.251345E+02  0.110112E+00
 0.252350E-01  0.245960E+02  0.987234E-01
 0.258430E-01  0.240704E+02  0.110906E+00
 0.264520E-01  0.237493E+02  0.851143E-01
 0.270600E-01  0.234171E+02  0.812719E-01
 0.276680E-01  0.229854E+02  0.792009E-01
 0.282760E-01  0.225229E+02  0.765002E-01
 0.288840E-01  0.221341E+02  0.793644E-01
 0.294920E-01  0.217832E+02  0.107385E+00
 0.301000E-01  0.213560E+02  0.105198E+00
 0.307080E-01  0.210387E+02  0.964981E-01
 0.313160E-01  0.205796E+02  0.949159E-01
 0.319240E-01  0.202283E+02  0.768932E-01
 0.325320E-01  0.198920E+02  0.703969E-01
 0.331400E-01  0.193851E+02  0.733118E-01
 0.337480E-01  0.190579E+02  0.675727E-01
 0.343570E-01  0.185726E+02  0.647870E-01
 0.349650E-01  0.181172E+02  0.674828E-01
 0.355730E-01  0.178214E+02  0.620893E-01
 0.361810E-01  0.173445E+02  0.625449E-01
 0.367890E-01  0.169463E+02  0.646926E-01
 0.373970E-01  0.166495E+02  0.631054E-01
 0.380050E-01  0.162576E+02  0.625627E-01
 0.386130E-01  0.160735E+02  0.594909E-01
 0.392210E-01  0.156136E+02  0.636678E-01
 0.398290E-01  0.151926E+02  0.551417E-01
 0.404370E-01  0.148180E+02  0.519838E-01
 0.410450E-01  0.145507E+02  0.495008E-01
 0.416540E-01  0.141676E+02  0.499467E-01
 0.422620E-01  0.138425E+02  0.532162E-01
 0.428700E-01  0.135831E+02  0.512540E-01
 0.434780E-01  0.131790E+02  0.475246E-01
 0.440860E-01  0.129265E+02  0.473958E-01
 0.446940E-01  0.125592E+02  0.457744E-01
 0.453020E-01  0.123096E+02  0.425832E-01
 0.459100E-01  0.119640E+02  0.431671E-01
 0.465180E-01  0.117314E+02  0.416731E-01
 0.471260E-01  0.114696E+02  0.430609E-01
 0.477340E-01  0.111613E+02  0.416615E-01
 0.483420E-01  0.109765E+02  0.403134E-01
 0.489500E-01  0.106390E+02  0.386592E-01
 0.495590E-01  0.104294E+02  0.427532E-01
 0.501670E-01  0.101373E+02  0.386771E-01
 0.507750E-01  0.987465E+01  0.405169E-01
 0.513830E-01  0.962130E+01  0.400998E-01
 0.519910E-01  0.945678E+01  0.416731E-01
 0.525990E-01  0.923038E+01  0.407805E-01
 0.532070E-01  0.906969E+01  0.462273E-01
 0.538150E-01  0.886945E+01  0.409745E-01
 0.544230E-01  0.869086E+01  0.389107E-01
 0.550310E-01  0.851029E+01  0.399617E-01
 0.556390E-01  0.832923E+01  0.495345E-01
 0.562470E-01  0.810860E+01  0.395059E-01
 0.568550E-01  0.793552E+01  0.371816E-01
 0.574630E-01  0.773872E+01  0.354803E-01
 0.580720E-01  0.756748E+01  0.337066E-01
 0.586800E-01  0.740457E+01  0.367006E-01
 0.592880E-01  0.733653E+01  0.339357E-01
 0.598960E-01  0.717464E+01  0.347568E-01
 0.605040E-01  0.703353E+01  0.349178E-01
 0.611120E-01  0.689016E+01  0.364638E-01
 0.617200E-01  0.667041E+01  0.344097E-01
 0.623280E-01  0.657356E+01  0.394626E-01
 0.629360E-01  0.646389E+01  0.320194E-01
 0.635440E-01  0.637592E+01  0.315503E-01
 0.641520E-01  0.628998E+01  0.321403E-01
 0.647600E-01  0.621696E+01  0.316782E-01
 0.653680E-01  0.610181E+01  0.307100E-01
 0.659770E-01  0.597758E+01  0.310190E-01
 0.665850E-01  0.587574E+01  0.306543E-01
 0.671930E-01  0.576685E+01  0.294337E-01
 0.678010E-01  0.566357E+01  0.298699E-01
 0.684090E-01  0.554373E+01  0.280629E-01
 0.690170E-01  0.548445E+01  0.302120E-01
 0.696250E-01  0.541708E+01  0.283207E-01
 0.702330E-01  0.533259E+01  0.310598E-01
 0.708410E-01  0.527570E+01  0.322030E-01
 0.714490E-01  0.518754E+01  0.318372E-01
 0.720570E-01  0.507539E+01  0.293569E-01
 0.726650E-01  0.498268E+01  0.294027E-01
 0.732730E-01  0.493446E+01  0.290699E-01
 0.738810E-01  0.489361E+01  0.292813E-01
 0.744900E-01  0.481288E+01  0.298132E-01
 0.750980E-01  0.473815E+01  0.267828E-01
 0.757060E-01  0.467574E+01  0.271869E-01
 0.763140E-01  0.464341E+01  0.242291E-01
 0.769220E-01  0.453650E+01  0.236431E-01
 0.775300E-01  0.452417E+01  0.234557E-01
 0.781380E-01  0.443957E+01  0.234015E-01
 0.787460E-01  0.439129E+01  0.234878E-01
 0.793540E-01  0.432108E+01  0.227469E-01
 0.799620E-01  0.426168E+01  0.230798E-01
 0.805700E-01  0.421166E+01  0.223344E-01
 0.811780E-01  0.410710E+01  0.220220E-01
 0.817860E-01  0.405568E+01  0.227971E-01
 0.823940E-01  0.401134E+01  0.239621E-01
 0.830020E-01  0.398614E+01  0.245970E-01
 0.836110E-01  0.393346E+01  0.235909E-01
 0.842190E-01  0.390967E+01  0.240389E-01
 0.848270E-01  0.381777E+01  0.231401E-01
 0.854350E-01  0.376500E+01  0.233805E-01
 0.860430E-01  0.370629E+01  0.227371E-01
 0.866510E-01  0.368164E+01  0.218410E-01
 0.872590E-01  0.364463E+01  0.219593E-01
 0.878670E-01  0.356934E+01  0.229845E-01
 0.884750E-01  0.353358E+01  0.228937E-01
 0.890830E-01  0.345610E+01  0.233930E-01
 0.896910E-01  0.342870E+01  0.229088E-01
 0.902990E-01  0.334755E+01  0.224062E-01
 0.909070E-01  0.330707E+01  0.224544E-01
 0.915150E-01  0.326698E+01  0.224537E-01
 0.921230E-01  0.319327E+01  0.225351E-01
 0.927320E-01  0.315626E+01  0.226618E-01
 0.933400E-01  0.308709E+01  0.236925E-01
 0.939480E-01  0.304558E+01  0.225437E-01
 0.945560E-01  0.296342E+01  0.229473E-01
 0.951640E-01  0.292099E+01  0.223548E-01
 0.957720E-01  0.289597E+01  0.213326E-01
 0.963800E-01  0.287972E+01  0.224711E-01
 0.969880E-01  0.283298E+01  0.227381E-01
 0.975960E-01  0.277705E+01  0.253078E-01
 0.982040E-01  0.274457E+01  0.224354E-01
 0.988120E-01  0.268244E+01  0.212655E-01
 0.994200E-01  0.265901E+01  0.206432E-01
 0.100028E+00  0.260015E+01  0.209771E-01
 0.100636E+00  0.259308E+01  0.203481E-01
 0.101244E+00  0.253408E+01  0.212901E-01
 0.101852E+00  0.251228E+01  0.209636E-01
 0.102461E+00  0.241827E+01  0.221562E-01
 0.103069E+00  0.236413E+01  0.206063E-01
 0.103677E+00  0.232944E+01  0.207757E-01
 0.104285E+00  0.230700E+01  0.201316E-01
 0.104893E+00  0.226397E+01  0.200441E-01
 0.105501E+00  0.223986E+01  0.201527E-01
 0.106109E+00  0.218944E+01  0.209963E-01
 0.106717E+00  0.211825E+01  0.205694E-01
 0.107325E+00  0.208055E+01  0.201485E-01
 0.107933E+00  0.203339E+01  0.202891E-01
 0.108541E+00  0.198982E+01  0.194304E-01
 0.109149E+00  0.197195E+01  0.194584E-01
 0.109757E+00  0.193113E+01  0.210839E-01
 0.110365E+00  0.190075E+01  0.203849E-01
 0.110973E+00  0.183423E+01  0.205418E-01
 0.111581E+00  0.179043E+01  0.203670E-01
 0.112189E+00  0.174185E+01  0.189070E-01
 0.112798E+00  0.170051E+01  0.192512E-01
 0.113406E+00  0.170720E+01  0.194783E-01
 0.114014E+00  0.166116E+01  0.189589E-01
 0.114622E+00  0.164279E+01  0.190245E-01
 0.115230E+00  0.160688E+01  0.219738E-01
 0.115838E+00  0.155133E+01  0.331121E-01
 0.116446E+00  0.149883E+01  0.297506E-01
 0.117054E+00  0.149285E+01  0.204807E-01
 0.117662E+00  0.143989E+01  0.188684E-01
 0.118270E+00  0.144582E+01  0.192937E-01
 0.118878E+00  0.141346E+01  0.195587E-01
 0.119486E+00  0.136099E+01  0.145531E-01
 0.120094E+00  0.133411E+01  0.143250E-01
 0.120702E+00  0.130811E+01  0.140878E-01
 0.121310E+00  0.129451E+01  0.138699E-01
 0.121918E+00  0.126188E+01  0.141121E-01
 0.122526E+00  0.123495E+01  0.142012E-01
 0.123134E+00  0.120270E+01  0.153197E-01
 0.123742E+00  0.119074E+01  0.138642E-01
 0.124351E+00  0.115479E+01  0.135745E-01
 0.124959E+00  0.112742E+01  0.140719E-01
 0.125567E+00  0.107950E+01  0.136639E-01
 0.126175E+00  0.106774E+01  0.177240E-01
 0.126783E+00  0.105586E+01  0.301990E-01
 0.127391E+00  0.106280E+01  0.270464E-01
 0.127999E+00  0.103179E+01  0.551781E-01
 0.128607E+00  0.996735E+00  0.537443E-01
 0.129215E+00  0.969508E+00  0.240905E-01
 0.129823E+00  0.938440E+00  0.141149E-01
 0.130431E+00  0.916346E+00  0.137534E-01
 0.131039E+00  0.905097E+00  0.141926E-01
 0.131647E+00  0.896635E+00  0.137457E-01
 0.132255E+00  0.878138E+00  0.141961E-01
 0.132863E+00  0.868849E+00  0.143417E-01
 0.133471E+00  0.847664E+00  0.139537E-01
 0.134079E+00  0.831783E+00  0.149387E-01
 0.134687E+00  0.805474E+00  0.135970E-01
 0.135295E+00  0.789274E+00  0.134252E-01
 0.135903E+00  0.765383E+00  0.138358E-01
 0.136511E+00  0.772856E+00  0.137953E-01
 0.137119E+00  0.743720E+00  0.132748E-01
 0.137728E+00  0.739181E+00  0.134197E-01
 0.138336E+00  0.730892E+00  0.136481E-01
 0.138944E+00  0.722344E+00  0.134645E-01
 0.139552E+00  0.736169E+00  0.135484E-01
 0.140160E+00  0.710595E+00  0.138435E-01
 0.140768E+00  0.714877E+00  0.134275E-01
 0.141376E+00  0.667490E+00  0.131596E-01
 0.141984E+00  0.650528E+00  0.135648E-01
 0.142592E+00  0.637004E+00  0.139917E-01
 0.143200E+00  0.639784E+00  0.135875E-01
 0.143808E+00  0.634127E+00  0.140814E-01
 0.144416E+00  0.628512E+00  0.137243E-01
 0.145024E+00  0.613940E+00  0.126916E-01
 0.145632E+00  0.589407E+00  0.133367E-01
 0.146240E+00  0.580604E+00  0.133007E-01
 0.146848E+00  0.556141E+00  0.131595E-01
 0.147456E+00  0.564360E+00  0.128785E-01
 0.148064E+00  0.551901E+00  0.127703E-01
 0.148672E+00  0.546452E+00  0.122722E-01
 0.149280E+00  0.547845E+00  0.123728E-01
 0.149888E+00  0.547296E+00  0.116254E-01
 0.150496E+00  0.537827E+00  0.122256E-01
 0.151104E+00  0.537156E+00  0.121881E-01
 0.151712E+00  0.526086E+00  0.128813E-01
 0.152320E+00  0.532817E+00  0.125540E-01
 0.152928E+00  0.527848E+00  0.123016E-01
 0.153537E+00  0.510820E+00  0.123091E-01
 0.154145E+00  0.489360E+00  0.120794E-01
 0.154753E+00  0.493261E+00  0.123607E-01
 0.155361E+00  0.475844E+00  0.118467E-01
 0.155969E+00  0.473044E+00  0.119513E-01
 0.156577E+00  0.469070E+00  0.123376E-01
 0.157185E+00  0.469259E+00  0.114434E-01
 0.157793E+00  0.453250E+00  0.119066E-01
 0.158401E+00  0.441515E+00  0.117905E-01
 0.159009E+00  0.443165E+00  0.115650E-01
 0.159617E+00  0.447449E+00  0.119582E-01
 0.160225E+00  0.445961E+00  0.119262E-01
 0.160833E+00  0.435781E+00  0.115706E-01
 0.161441E+00  0.435049E+00  0.112197E-01
 0.162049E+00  0.417904E+00  0.116925E-01
 0.162657E+00  0.409448E+00  0.119043E-01
 0.163265E+00  0.415635E+00  0.117094E-01
 0.163873E+00  0.419323E+00  0.116308E-01
 0.164481E+00  0.407661E+00  0.115858E-01
 0.165089E+00  0.396662E+00  0.114449E-01
 0.165697E+00  0.405747E+00  0.112178E-01
 0.166305E+00  0.386561E+00  0.111788E-01
 0.166913E+00  0.391196E+00  0.112053E-01
 0.167521E+00  0.375295E+00  0.112731E-01
 0.168129E+00  0.380687E+00  0.114636E-01
 0.168737E+00  0.369975E+00  0.114557E-01
 0.169345E+00  0.385002E+00  0.112960E-01
 0.169953E+00  0.371722E+00  0.114843E-01
 0.170561E+00  0.355847E+00  0.117436E-01
 0.171169E+00  0.345774E+00  0.114643E-01
 0.171777E+00  0.335204E+00  0.117192E-01
 0.172385E+00  0.349260E+00  0.116380E-01
 0.172993E+00  0.352111E+00  0.115492E-01
 0.173601E+00  0.328306E+00  0.114450E-01
 0.174209E+00  0.334440E+00  0.115618E-01
 0.174817E+00  0.342632E+00  0.116292E-01
 0.175425E+00  0.332912E+00  0.121132E-01
 0.176033E+00  0.317614E+00  0.201016E-01
 0.176641E+00  0.308823E+00  0.426404E-01
 0.177250E+00  0.292429E+00  0.217443E-01
 0.177858E+00  0.282782E+00  0.147251E-01
 0.178466E+00  0.280093E+00  0.153398E-01
 0.179074E+00  0.287237E+00  0.144944E-01
 0.179682E+00  0.276645E+00  0.146960E-01
 0.180290E+00  0.283613E+00  0.147602E-01
 0.180898E+00  0.283840E+00  0.146294E-01
 0.181506E+00  0.309193E+00  0.145619E-01
 0.182114E+00  0.290739E+00  0.143501E-01
 0.182722E+00  0.291954E+00  0.151260E-01
 0.183330E+00  0.287386E+00  0.143620E-01
 0.183938E+00  0.299863E+00  0.147002E-01
 0.184546E+00  0.291678E+00  0.143446E-01
 0.185154E+00  0.301229E+00  0.143301E-01
 0.185762E+00  0.298875E+00  0.143071E-01
 0.186370E+00  0.297264E+00  0.144807E-01
 0.186978E+00  0.291643E+00  0.143315E-01
 0.187586E+00  0.271796E+00  0.142856E-01
 0.188194E+00  0.264882E+00  0.144674E-01
 0.188802E+00  0.249061E+00  0.144127E-01
 0.189410E+00  0.256204E+00  0.143191E-01
 0.190018E+00  0.240831E+00  0.140040E-01
 0.190626E+00  0.249330E+00  0.136062E-01
 0.191234E+00  0.251595E+00  0.135874E-01
 0.191842E+00  0.258498E+00  0.139530E-01
 0.192450E+00  0.265781E+00  0.144947E-01
 0.193058E+00  0.255450E+00  0.141711E-01
 0.193666E+00  0.261483E+00  0.142616E-01
 0.194274E+00  0.268380E+00  0.147178E-01
 0.194882E+00  0.263074E+00  0.164520E-01
 0.195490E+00  0.263552E+00  0.141775E-01
 0.196098E+00  0.234310E+00  0.134826E-01
 0.196706E+00  0.247877E+00  0.138304E-01
 0.197314E+00  0.252458E+00  0.136811E-01
 0.197922E+00  0.256234E+00  0.146748E-01
 0.198530E+00  0.260714E+00  0.135864E-01
 0.199138E+00  0.237782E+00  0.134920E-01
 0.199746E+00  0.244900E+00  0.135441E-01
 0.200354E+00  0.257835E+00  0.138426E-01
 0.200962E+00  0.252703E+00  0.138147E-01
 0.201570E+00  0.243605E+00  0.136459E-01
 0.202178E+00  0.239414E+00  0.140494E-01
 0.202786E+00  0.226212E+00  0.147725E-01
 0.203394E+00  0.230311E+00  0.133637E-01
 0.204002E+00  0.227579E+00  0.138885E-01
 0.204610E+00  0.234397E+00  0.130304E-01
 0.205218E+00  0.239327E+00  0.133391E-01
 0.205826E+00  0.249583E+00  0.133896E-01
 0.206434E+00  0.240681E+00  0.135607E-01
 0.207042E+00  0.238645E+00  0.134063E-01
 0.207650E+00  0.237913E+00  0.133693E-01
 0.208258E+00  0.232673E+00  0.127830E-01
 0.208866E+00  0.220182E+00  0.139718E-01
 0.209474E+00  0.232163E+00  0.134040E-01
 0.210082E+00  0.230117E+00  0.142833E-01
 0.210690E+00  0.247311E+00  0.133030E-01
 0.211298E+00  0.228640E+00  0.136902E-01
 0.211906E+00  0.230882E+00  0.148503E-01
 0.212514E+00  0.230025E+00  0.135040E-01
 0.213122E+00  0.235380E+00  0.149854E-01
 0.213730E+00  0.231778E+00  0.130565E-01
 0.214338E+00  0.227550E+00  0.127861E-01
 0.214946E+00  0.220931E+00  0.128832E-01
 0.215554E+00  0.220563E+00  0.132359E-01
 0.216162E+00  0.221547E+00  0.140469E-01
 0.216770E+00  0.211232E+00  0.155665E-01
 0.217378E+00  0.209619E+00  0.133741E-01
 0.217986E+00  0.217287E+00  0.164593E-01
 0.218594E+00  0.230383E+00  0.279660E-01
 0.219202E+00  0.226126E+00  0.168228E-01
 0.219810E+00  0.230280E+00  0.165135E-01
 0.220418E+00  0.234651E+00  0.258696E-01
 0.221025E+00  0.223398E+00  0.157224E-01
 0.221633E+00  0.226261E+00  0.127049E-01
 0.222241E+00  0.215723E+00  0.126261E-01
 0.222849E+00  0.215333E+00  0.126617E-01
 0.223457E+00  0.218903E+00  0.127029E-01
 0.224065E+00  0.231856E+00  0.122502E-01
 0.224673E+00  0.226335E+00  0.123085E-01
 0.225281E+00  0.214369E+00  0.127353E-01
 0.225889E+00  0.211097E+00  0.121810E-01
 0.226497E+00  0.208458E+00  0.122051E-01
 0.227105E+00  0.220076E+00  0.123815E-01
 0.227713E+00  0.217371E+00  0.123522E-01
 0.228321E+00  0.214173E+00  0.125755E-01
 0.228929E+00  0.228434E+00  0.124413E-01
 0.229537E+00  0.230989E+00  0.124939E-01
 0.230145E+00  0.202850E+00  0.127139E-01
 0.230753E+00  0.215768E+00  0.124508E-01
 0.231361E+00  0.206699E+00  0.123760E-01
 0.231969E+00  0.215542E+00  0.122420E-01
 0.232577E+00  0.199077E+00  0.125930E-01
 0.233185E+00  0.208529E+00  0.124663E-01
 0.233793E+00  0.213034E+00  0.121139E-01
 0.234401E+00  0.224775E+00  0.121485E-01
 0.235009E+00  0.213305E+00  0.118943E-01
 0.235617E+00  0.201923E+00  0.122177E-01
 0.236225E+00  0.209464E+00  0.123828E-01
 0.236833E+00  0.206522E+00  0.121782E-01
 0.237441E+00  0.219105E+00  0.123954E-01
 0.238049E+00  0.207528E+00  0.121814E-01
 0.238657E+00  0.200204E+00  0.121832E-01
 0.239265E+00  0.208318E+00  0.123641E-01
 0.239873E+00  0.198488E+00  0.125235E-01
 0.240481E+00  0.192776E+00  0.123944E-01
 0.241089E+00  0.184492E+00  0.121823E-01
 0.241697E+00  0.200082E+00  0.120688E-01
 0.242304E+00  0.183563E+00  0.119919E-01
 0.242912E+00  0.188055E+00  0.117645E-01
 0.243520E+00  0.179525E+00  0.122704E-01
 0.244128E+00  0.173889E+00  0.122768E-01
 0.244736E+00  0.198386E+00  0.124975E-01
 0.245344E+00  0.203946E+00  0.142704E-01
 0.245952E+00  0.209707E+00  0.122804E-01
 0.246560E+00  0.200861E+00  0.117645E-01
 0.247168E+00  0.183965E+00  0.119156E-01
 0.247776E+00  0.191617E+00  0.119603E-01
 0.248384E+00  0.168592E+00  0.119365E-01
 0.248992E+00  0.183706E+00  0.120177E-01
 0.249600E+00  0.194923E+00  0.118752E-01
 0.250208E+00  0.189953E+00  0.114613E-01
 0.250816E+00  0.200008E+00  0.118094E-01
 0.251424E+00  0.198542E+00  0.117584E-01
 0.252032E+00  0.195197E+00  0.119508E-01
 0.252640E+00  0.187185E+00  0.126544E-01
 0.253248E+00  0.198646E+00  0.118974E-01
 0.253856E+00  0.192088E+00  0.127764E-01
 0.254464E+00  0.196317E+00  0.159948E-01
 0.255072E+00  0.191939E+00  0.127861E-01
 0.255679E+00  0.206798E+00  0.116285E-01
 0.256287E+00  0.218830E+00  0.119352E-01
 0.256895E+00  0.229313E+00  0.115345E-01
 0.257503E+00  0.219191E+00  0.116540E-01
 0.258111E+00  0.214478E+00  0.118518E-01
 0.258719E+00  0.199015E+00  0.116839E-01
 0.259327E+00  0.191821E+00  0.118210E-01
 0.259935E+00  0.171925E+00  0.122153E-01
 0.260543E+00  0.170376E+00  0.117976E-01
 0.261151E+00  0.178188E+00  0.116129E-01
 0.261759E+00  0.195855E+00  0.116373E-01
 0.262367E+00  0.186493E+00  0.115200E-01
 0.262975E+00  0.170106E+00  0.123843E-01
 0.263583E+00  0.170309E+00  0.118152E-01
 0.264191E+00  0.173946E+00  0.114540E-01
 0.264799E+00  0.171073E+00  0.115582E-01
 0.265407E+00  0.165817E+00  0.115049E-01
 0.266014E+00  0.164387E+00  0.112209E-01
 0.266622E+00  0.153617E+00  0.111172E-01
 0.267230E+00  0.166622E+00  0.110062E-01
 0.267838E+00  0.160607E+00  0.110356E-01
 0.268446E+00  0.177906E+00  0.114461E-01
 0.269054E+00  0.184183E+00  0.112942E-01
 0.269662E+00  0.182536E+00  0.112156E-01
 0.270270E+00  0.181361E+00  0.109704E-01
 0.270878E+00  0.179238E+00  0.116229E-01
 0.271486E+00  0.182996E+00  0.115161E-01
 0.272094E+00  0.180248E+00  0.115304E-01
 0.272702E+00  0.182654E+00  0.115183E-01
 0.273310E+00  0.177467E+00  0.110093E-01
 0.273918E+00  0.179257E+00  0.109918E-01
 0.274526E+00  0.182411E+00  0.111100E-01
 0.275133E+00  0.176191E+00  0.111598E-01
 0.275741E+00  0.174120E+00  0.112131E-01
 0.276349E+00  0.195001E+00  0.112266E-01
 0.276957E+00  0.185750E+00  0.109267E-01
 0.277565E+00  0.190841E+00  0.109079E-01
 0.278173E+00  0.165167E+00  0.113228E-01
 0.278781E+00  0.167214E+00  0.112160E-01
 0.279389E+00  0.160119E+00  0.117304E-01
 0.279997E+00  0.183885E+00  0.121131E-01
 0.280605E+00  0.188934E+00  0.123963E-01
 0.281213E+00  0.176874E+00  0.125019E-01
 0.281821E+00  0.196852E+00  0.115808E-01
 0.282429E+00  0.173098E+00  0.124158E-01
 0.283036E+00  0.177773E+00  0.117759E-01
 0.283644E+00  0.171231E+00  0.119246E-01
 0.284252E+00  0.162273E+00  0.178002E-01
 0.284860E+00  0.163289E+00  0.262191E-01
 0.285468E+00  0.170869E+00  0.154162E-01
 0.286076E+00  0.170952E+00  0.176204E-01
 0.286684E+00  0.188095E+00  0.150909E-01
 0.287292E+00  0.178171E+00  0.137864E-01
 0.287900E+00  0.176951E+00  0.146982E-01
 0.288508E+00  0.176952E+00  0.126022E-01
 0.289116E+00  0.178242E+00  0.119546E-01
 0.289723E+00  0.173635E+00  0.108492E-01
 0.290331E+00  0.175201E+00  0.107922E-01
 0.290939E+00  0.179270E+00  0.108530E-01
 0.291547E+00  0.174259E+00  0.107706E-01
 0.292155E+00  0.172132E+00  0.106485E-01
 0.292763E+00  0.161397E+00  0.105886E-01
 0.293371E+00  0.158800E+00  0.103054E-01
 0.293979E+00  0.172770E+00  0.104794E-01
 0.294587E+00  0.172652E+00  0.103654E-01
 0.295195E+00  0.181254E+00  0.101071E-01
 0.295803E+00  0.180224E+00  0.999283E-02
 0.296410E+00  0.188521E+00  0.103154E-01
 0.297018E+00  0.194179E+00  0.102163E-01
 0.297626E+00  0.189199E+00  0.986783E-02
 0.298234E+00  0.194092E+00  0.101964E-01
 0.298842E+00  0.198867E+00  0.996501E-02
 0.299450E+00  0.186443E+00  0.102012E-01
 0.300058E+00  0.181768E+00  0.102416E-01
 0.300666E+00  0.191970E+00  0.101173E-01
 0.301274E+00  0.185700E+00  0.102292E-01
 0.301881E+00  0.171987E+00  0.104731E-01
 0.302489E+00  0.189036E+00  0.103278E-01
 0.303097E+00  0.172097E+00  0.102775E-01
 0.303705E+00  0.178945E+00  0.103290E-01
 0.304313E+00  0.188914E+00  0.108211E-01
 0.304921E+00  0.181542E+00  0.103073E-01
 0.305529E+00  0.177906E+00  0.109671E-01
 0.306137E+00  0.182013E+00  0.102661E-01
 0.306745E+00  0.183813E+00  0.100720E-01
 0.307353E+00  0.192063E+00  0.101883E-01
 0.307960E+00  0.183930E+00  0.989429E-02
 0.308568E+00  0.175476E+00  0.980329E-02
 0.309176E+00  0.169460E+00  0.983768E-02
 0.309784E+00  0.166431E+00  0.950765E-02
 0.310392E+00  0.178025E+00  0.966734E-02
 0.311000E+00  0.170124E+00  0.955865E-02
 0.311608E+00  0.192962E+00  0.931041E-02
 0.312216E+00  0.189776E+00  0.980310E-02
 0.312823E+00  0.190142E+00  0.973444E-02
 0.313431E+00  0.194878E+00  0.990140E-02
 0.314039E+00  0.208515E+00  0.108988E-01
---------Y:\Desktop\SAXS\LBL_1220_2009\dat\p3_D3_2.mccd.dat-------------------
---------Y:\Desktop\SAXS\LBL_1220_2009\dat\p3_D6_2.mccd.dat-------------------
---------Y:\Desktop\SAXS\LBL_1220_2009\dat\p3_D7_2.mccd.dat-------------------
---------Y:\Desktop\SAXS\LBL_1220_2009\dat\p3_D10_2.mccd.dat-------------------
---------Y:\Desktop\SAXS\LBL_1220_2009\dat\p3_D10_1.mccd.dat-------------------
---------Y:\Desktop\SAXS\LBL_1220_2009\dat\p4_B3_2.mccd.dat-------------------
---------Y:\Desktop\SAXS\LBL_1220_2009\dat\p4_B4_2.mccd.dat-------------------
---------Y:\Desktop\SAXS\LBL_1220_2009\dat\p4_B7_1.mccd.dat-------------------
---------Y:\Desktop\SAXS\LBL_1220_2009\dat\p4_B8_2.mccd.dat-------------------
---------Y:\Desktop\SAXS\LBL_1220_2009\dat\p4_B8_1.mccd.dat-------------------
