 Merge of: p3_B2_2.mccd p3_B3_2.mccd                                                                                                                                                                                                                            
p3_B2_2.mccd  Conc = .10E+01  Mult = .18E+01  N1 =   18  N2 =  503  SCALE =  1
p3_B3_2.mccd  Conc = .10E+01  Mult = .10E+01  N1 =    6  N2 =  505  SCALE =  1
 0.136820E-01  0.209320E+02  0.446095E+00
 0.142900E-01  0.201298E+02  0.618128E+00
 0.148980E-01  0.194353E+02  0.406034E+00
 0.155060E-01  0.194803E+02  0.458227E+00
 0.161140E-01  0.190130E+02  0.383078E+00
 0.167220E-01  0.183483E+02  0.354137E+00
 0.173300E-01  0.180400E+02  0.310763E+00
 0.179380E-01  0.177288E+02  0.293328E+00
 0.185460E-01  0.173030E+02  0.307177E+00
 0.191550E-01  0.173715E+02  0.244621E+00
 0.197630E-01  0.168971E+02  0.261166E+00
 0.203710E-01  0.164698E+02  0.529597E+00
 0.209790E-01  0.162769E+02  0.225168E+00
 0.215870E-01  0.158931E+02  0.175806E+00
 0.221950E-01  0.156793E+02  0.212173E+00
 0.228030E-01  0.154783E+02  0.160355E+00
 0.234110E-01  0.151528E+02  0.190580E+00
 0.240190E-01  0.146203E+02  0.176634E+00
 0.246270E-01  0.144362E+02  0.175454E+00
 0.252350E-01  0.140183E+02  0.154282E+00
 0.258430E-01  0.137831E+02  0.167049E+00
 0.264520E-01  0.136417E+02  0.166799E+00
 0.270600E-01  0.131682E+02  0.157312E+00
 0.276680E-01  0.129646E+02  0.129478E+00
 0.282760E-01  0.127153E+02  0.109848E+00
 0.288840E-01  0.124832E+02  0.106382E+00
 0.294920E-01  0.121231E+02  0.120308E+00
 0.301000E-01  0.119444E+02  0.114561E+00
 0.307080E-01  0.114862E+02  0.115834E+00
 0.313160E-01  0.112329E+02  0.127300E+00
 0.319240E-01  0.111361E+02  0.115627E+00
 0.325320E-01  0.108428E+02  0.121730E+00
 0.331400E-01  0.106019E+02  0.118938E+00
 0.337480E-01  0.104433E+02  0.115395E+00
 0.343570E-01  0.101655E+02  0.111051E+00
 0.349650E-01  0.980372E+01  0.118112E+00
 0.355730E-01  0.978609E+01  0.113982E+00
 0.361810E-01  0.954297E+01  0.103759E+00
 0.367890E-01  0.930657E+01  0.100141E+00
 0.373970E-01  0.904166E+01  0.990903E-01
 0.380050E-01  0.886100E+01  0.953389E-01
 0.386130E-01  0.854086E+01  0.979278E-01
 0.392210E-01  0.851245E+01  0.951948E-01
 0.398290E-01  0.828579E+01  0.914856E-01
 0.404370E-01  0.808283E+01  0.106957E+00
 0.410450E-01  0.791570E+01  0.105077E+00
 0.416540E-01  0.769756E+01  0.896324E-01
 0.422620E-01  0.741013E+01  0.958368E-01
 0.428700E-01  0.724514E+01  0.944910E-01
 0.434780E-01  0.719242E+01  0.945762E-01
 0.440860E-01  0.701188E+01  0.843997E-01
 0.446940E-01  0.696759E+01  0.869273E-01
 0.453020E-01  0.680481E+01  0.855172E-01
 0.459100E-01  0.671432E+01  0.873190E-01
 0.465180E-01  0.659933E+01  0.789039E-01
 0.471260E-01  0.635457E+01  0.819703E-01
 0.477340E-01  0.624627E+01  0.790923E-01
 0.483420E-01  0.622389E+01  0.846908E-01
 0.489500E-01  0.609818E+01  0.753104E-01
 0.495590E-01  0.590193E+01  0.757328E-01
 0.501670E-01  0.569821E+01  0.756318E-01
 0.507750E-01  0.571337E+01  0.741446E-01
 0.513830E-01  0.556679E+01  0.709093E-01
 0.519910E-01  0.547075E+01  0.801768E-01
 0.525990E-01  0.539347E+01  0.719515E-01
 0.532070E-01  0.520589E+01  0.715511E-01
 0.538150E-01  0.518164E+01  0.716076E-01
 0.544230E-01  0.518883E+01  0.725398E-01
 0.550310E-01  0.506703E+01  0.693281E-01
 0.556390E-01  0.496946E+01  0.685694E-01
 0.562470E-01  0.476238E+01  0.669577E-01
 0.568550E-01  0.468619E+01  0.704171E-01
 0.574630E-01  0.459166E+01  0.637922E-01
 0.580720E-01  0.462230E+01  0.693786E-01
 0.586800E-01  0.440680E+01  0.823540E-01
 0.592880E-01  0.438470E+01  0.704458E-01
 0.598960E-01  0.430829E+01  0.832253E-01
 0.605040E-01  0.417601E+01  0.745924E-01
 0.611120E-01  0.403538E+01  0.731054E-01
 0.617200E-01  0.394036E+01  0.668401E-01
 0.623280E-01  0.391644E+01  0.746824E-01
 0.629360E-01  0.389913E+01  0.643662E-01
 0.635440E-01  0.398867E+01  0.618169E-01
 0.641520E-01  0.385745E+01  0.603448E-01
 0.647600E-01  0.385543E+01  0.635762E-01
 0.653680E-01  0.369467E+01  0.628388E-01
 0.659770E-01  0.355921E+01  0.659661E-01
 0.665850E-01  0.345069E+01  0.606883E-01
 0.671930E-01  0.344567E+01  0.606837E-01
 0.678010E-01  0.339020E+01  0.627942E-01
 0.684090E-01  0.331911E+01  0.579962E-01
 0.690170E-01  0.333795E+01  0.605121E-01
 0.696250E-01  0.328926E+01  0.595108E-01
 0.702330E-01  0.326970E+01  0.617898E-01
 0.708410E-01  0.330786E+01  0.632365E-01
 0.714490E-01  0.320831E+01  0.602915E-01
 0.720570E-01  0.299645E+01  0.580712E-01
 0.726650E-01  0.296187E+01  0.591704E-01
 0.732730E-01  0.297575E+01  0.564585E-01
 0.738810E-01  0.283438E+01  0.567247E-01
 0.744900E-01  0.283033E+01  0.571324E-01
 0.750980E-01  0.280286E+01  0.566131E-01
 0.757060E-01  0.271878E+01  0.550873E-01
 0.763140E-01  0.266845E+01  0.526803E-01
 0.769220E-01  0.271678E+01  0.557553E-01
 0.775300E-01  0.269396E+01  0.555797E-01
 0.781380E-01  0.272185E+01  0.576793E-01
 0.787460E-01  0.276134E+01  0.568563E-01
 0.793540E-01  0.270725E+01  0.576573E-01
 0.799620E-01  0.259496E+01  0.564199E-01
 0.805700E-01  0.249066E+01  0.569759E-01
 0.811780E-01  0.244000E+01  0.540898E-01
 0.817860E-01  0.238200E+01  0.574071E-01
 0.823940E-01  0.239784E+01  0.515981E-01
 0.830020E-01  0.239456E+01  0.508703E-01
 0.836110E-01  0.228269E+01  0.532147E-01
 0.842190E-01  0.231209E+01  0.498246E-01
 0.848270E-01  0.219187E+01  0.466698E-01
 0.854350E-01  0.225159E+01  0.506839E-01
 0.860430E-01  0.225920E+01  0.504458E-01
 0.866510E-01  0.218290E+01  0.487248E-01
 0.872590E-01  0.219168E+01  0.490666E-01
 0.878670E-01  0.217368E+01  0.501141E-01
 0.884750E-01  0.210585E+01  0.493384E-01
 0.890830E-01  0.204485E+01  0.493014E-01
 0.896910E-01  0.202776E+01  0.494258E-01
 0.902990E-01  0.203410E+01  0.489731E-01
 0.909070E-01  0.200999E+01  0.502177E-01
 0.915150E-01  0.198841E+01  0.516874E-01
 0.921230E-01  0.200777E+01  0.526661E-01
 0.927320E-01  0.192324E+01  0.497479E-01
 0.933400E-01  0.195767E+01  0.499110E-01
 0.939480E-01  0.179642E+01  0.487290E-01
 0.945560E-01  0.180390E+01  0.507702E-01
 0.951640E-01  0.175906E+01  0.510923E-01
 0.957720E-01  0.188217E+01  0.494060E-01
 0.963800E-01  0.181902E+01  0.489494E-01
 0.969880E-01  0.184128E+01  0.475867E-01
 0.975960E-01  0.169842E+01  0.478874E-01
 0.982040E-01  0.159855E+01  0.481380E-01
 0.988120E-01  0.160143E+01  0.498093E-01
 0.994200E-01  0.156252E+01  0.465264E-01
 0.100028E+00  0.149037E+01  0.485881E-01
 0.100636E+00  0.141258E+01  0.464914E-01
 0.101244E+00  0.146408E+01  0.482789E-01
 0.101852E+00  0.144595E+01  0.501332E-01
 0.102461E+00  0.151200E+01  0.494870E-01
 0.103069E+00  0.151414E+01  0.453071E-01
 0.103677E+00  0.151237E+01  0.454553E-01
 0.104285E+00  0.144809E+01  0.443102E-01
 0.104893E+00  0.139494E+01  0.451437E-01
 0.105501E+00  0.138334E+01  0.465252E-01
 0.106109E+00  0.135993E+01  0.476053E-01
 0.106717E+00  0.130780E+01  0.548296E-01
 0.107325E+00  0.136262E+01  0.502560E-01
 0.107933E+00  0.129719E+01  0.589425E-01
 0.108541E+00  0.123959E+01  0.448747E-01
 0.109149E+00  0.119060E+01  0.431816E-01
 0.109757E+00  0.118576E+01  0.452397E-01
 0.110365E+00  0.114254E+01  0.433414E-01
 0.110973E+00  0.111057E+01  0.434456E-01
 0.111581E+00  0.115501E+01  0.466226E-01
 0.112189E+00  0.116969E+01  0.428754E-01
 0.112798E+00  0.118745E+01  0.448978E-01
 0.113406E+00  0.117389E+01  0.443732E-01
 0.114014E+00  0.111720E+01  0.436551E-01
 0.114622E+00  0.108261E+01  0.447651E-01
 0.115230E+00  0.102587E+01  0.432130E-01
 0.115838E+00  0.107533E+01  0.428890E-01
 0.116446E+00  0.112286E+01  0.444856E-01
 0.117054E+00  0.111304E+01  0.409989E-01
 0.117662E+00  0.105192E+01  0.431107E-01
 0.118270E+00  0.989083E+00  0.416418E-01
 0.118878E+00  0.920006E+00  0.420035E-01
 0.119486E+00  0.100755E+01  0.408585E-01
 0.120094E+00  0.974246E+00  0.423424E-01
 0.120702E+00  0.102021E+01  0.413522E-01
 0.121310E+00  0.100952E+01  0.402583E-01
 0.121918E+00  0.941083E+00  0.403310E-01
 0.122526E+00  0.909698E+00  0.406720E-01
 0.123134E+00  0.965377E+00  0.419298E-01
 0.123742E+00  0.913132E+00  0.434395E-01
 0.124351E+00  0.922685E+00  0.497424E-01
 0.124959E+00  0.860226E+00  0.420817E-01
 0.125567E+00  0.818086E+00  0.428598E-01
 0.126175E+00  0.834052E+00  0.398723E-01
 0.126783E+00  0.837125E+00  0.385630E-01
 0.127391E+00  0.843822E+00  0.415255E-01
 0.127999E+00  0.817048E+00  0.418624E-01
 0.128607E+00  0.823881E+00  0.420154E-01
 0.129215E+00  0.871928E+00  0.411297E-01
 0.129823E+00  0.834207E+00  0.401913E-01
 0.130431E+00  0.810608E+00  0.425183E-01
 0.131039E+00  0.798744E+00  0.415200E-01
 0.131647E+00  0.787458E+00  0.417204E-01
 0.132255E+00  0.728060E+00  0.415859E-01
 0.132863E+00  0.738040E+00  0.399789E-01
 0.133471E+00  0.732777E+00  0.414381E-01
 0.134079E+00  0.769094E+00  0.400402E-01
 0.134687E+00  0.758352E+00  0.403812E-01
 0.135295E+00  0.748442E+00  0.390704E-01
 0.135903E+00  0.749200E+00  0.388655E-01
 0.136511E+00  0.634550E+00  0.400661E-01
 0.137119E+00  0.664632E+00  0.398989E-01
 0.137728E+00  0.716184E+00  0.405485E-01
 0.138336E+00  0.708940E+00  0.409154E-01
 0.138944E+00  0.750356E+00  0.408803E-01
 0.139552E+00  0.759051E+00  0.404605E-01
 0.140160E+00  0.724785E+00  0.421210E-01
 0.140768E+00  0.717965E+00  0.395501E-01
 0.141376E+00  0.704187E+00  0.370806E-01
 0.141984E+00  0.697328E+00  0.359675E-01
 0.142592E+00  0.733518E+00  0.373240E-01
 0.143200E+00  0.719060E+00  0.381775E-01
 0.143808E+00  0.692331E+00  0.412280E-01
 0.144416E+00  0.643958E+00  0.398001E-01
 0.145024E+00  0.609034E+00  0.376641E-01
 0.145632E+00  0.557017E+00  0.448762E-01
 0.146240E+00  0.596531E+00  0.471154E-01
 0.146848E+00  0.584844E+00  0.545578E-01
 0.147456E+00  0.624952E+00  0.640996E-01
 0.148064E+00  0.586495E+00  0.436412E-01
 0.148672E+00  0.571674E+00  0.390725E-01
 0.149280E+00  0.603018E+00  0.390031E-01
 0.149888E+00  0.576075E+00  0.355363E-01
 0.150496E+00  0.603715E+00  0.360169E-01
 0.151104E+00  0.622126E+00  0.369504E-01
 0.151712E+00  0.602057E+00  0.374562E-01
 0.152320E+00  0.592325E+00  0.380882E-01
 0.152928E+00  0.596806E+00  0.384580E-01
 0.153537E+00  0.651338E+00  0.375128E-01
 0.154145E+00  0.545405E+00  0.368647E-01
 0.154753E+00  0.509423E+00  0.365912E-01
 0.155361E+00  0.494088E+00  0.359168E-01
 0.155969E+00  0.466276E+00  0.348241E-01
 0.156577E+00  0.467799E+00  0.347801E-01
 0.157185E+00  0.499316E+00  0.375896E-01
 0.157793E+00  0.478054E+00  0.543707E-01
 0.158401E+00  0.496022E+00  0.583963E-01
 0.159009E+00  0.443723E+00  0.395652E-01
 0.159617E+00  0.450494E+00  0.360384E-01
 0.160225E+00  0.505100E+00  0.348814E-01
 0.160833E+00  0.494017E+00  0.353419E-01
 0.161441E+00  0.496473E+00  0.334361E-01
 0.162049E+00  0.514962E+00  0.330524E-01
 0.162657E+00  0.497142E+00  0.329938E-01
 0.163265E+00  0.480860E+00  0.323285E-01
 0.163873E+00  0.486514E+00  0.332954E-01
 0.164481E+00  0.483810E+00  0.340789E-01
 0.165089E+00  0.448804E+00  0.352071E-01
 0.165697E+00  0.469056E+00  0.397022E-01
 0.166305E+00  0.400616E+00  0.346708E-01
 0.166913E+00  0.398704E+00  0.345299E-01
 0.167521E+00  0.449313E+00  0.344579E-01
 0.168129E+00  0.524020E+00  0.349881E-01
 0.168737E+00  0.572598E+00  0.340356E-01
 0.169345E+00  0.503626E+00  0.331441E-01
 0.169953E+00  0.446541E+00  0.337636E-01
 0.170561E+00  0.371698E+00  0.346707E-01
 0.171169E+00  0.391449E+00  0.344361E-01
 0.171777E+00  0.352792E+00  0.343930E-01
 0.172385E+00  0.358083E+00  0.356592E-01
 0.172993E+00  0.352104E+00  0.354667E-01
 0.173601E+00  0.370610E+00  0.348178E-01
 0.174209E+00  0.372979E+00  0.344403E-01
 0.174817E+00  0.414826E+00  0.353753E-01
 0.175425E+00  0.396259E+00  0.349138E-01
 0.176033E+00  0.433367E+00  0.349107E-01
 0.176641E+00  0.461381E+00  0.331357E-01
 0.177250E+00  0.467735E+00  0.337002E-01
 0.177858E+00  0.479861E+00  0.342556E-01
 0.178466E+00  0.466552E+00  0.342370E-01
 0.179074E+00  0.435214E+00  0.326952E-01
 0.179682E+00  0.492170E+00  0.343520E-01
 0.180290E+00  0.449499E+00  0.345867E-01
 0.180898E+00  0.486850E+00  0.332936E-01
 0.181506E+00  0.438489E+00  0.333555E-01
 0.182114E+00  0.427528E+00  0.333464E-01
 0.182722E+00  0.407765E+00  0.326926E-01
 0.183330E+00  0.415799E+00  0.325165E-01
 0.183938E+00  0.427941E+00  0.348293E-01
 0.184546E+00  0.446722E+00  0.331618E-01
 0.185154E+00  0.408309E+00  0.335677E-01
 0.185762E+00  0.384272E+00  0.331582E-01
 0.186370E+00  0.384008E+00  0.348427E-01
 0.186978E+00  0.402663E+00  0.349599E-01
 0.187586E+00  0.380124E+00  0.324907E-01
 0.188194E+00  0.368176E+00  0.328279E-01
 0.188802E+00  0.381161E+00  0.332558E-01
 0.189410E+00  0.366720E+00  0.321379E-01
 0.190018E+00  0.322048E+00  0.309998E-01
 0.190626E+00  0.422126E+00  0.306097E-01
 0.191234E+00  0.440062E+00  0.315862E-01
 0.191842E+00  0.464465E+00  0.316175E-01
 0.192450E+00  0.461826E+00  0.312769E-01
 0.193058E+00  0.391380E+00  0.314618E-01
 0.193666E+00  0.439487E+00  0.313872E-01
 0.194274E+00  0.364130E+00  0.316897E-01
 0.194882E+00  0.368685E+00  0.318351E-01
 0.195490E+00  0.394811E+00  0.307496E-01
 0.196098E+00  0.374661E+00  0.316903E-01
 0.196706E+00  0.397723E+00  0.317126E-01
 0.197314E+00  0.386362E+00  0.317962E-01
 0.197922E+00  0.360698E+00  0.339255E-01
 0.198530E+00  0.357794E+00  0.330996E-01
 0.199138E+00  0.395187E+00  0.311525E-01
 0.199746E+00  0.336666E+00  0.316561E-01
 0.200354E+00  0.335366E+00  0.317842E-01
 0.200962E+00  0.290794E+00  0.311133E-01
 0.201570E+00  0.311918E+00  0.311864E-01
 0.202178E+00  0.324227E+00  0.310278E-01
 0.202786E+00  0.316905E+00  0.300396E-01
 0.203394E+00  0.356907E+00  0.318960E-01
 0.204002E+00  0.378788E+00  0.306204E-01
 0.204610E+00  0.330116E+00  0.302857E-01
 0.205218E+00  0.324529E+00  0.312006E-01
 0.205826E+00  0.318336E+00  0.308507E-01
 0.206434E+00  0.369226E+00  0.311355E-01
 0.207042E+00  0.368434E+00  0.305136E-01
 0.207650E+00  0.384444E+00  0.308770E-01
 0.208258E+00  0.387379E+00  0.291747E-01
 0.208866E+00  0.406719E+00  0.306329E-01
 0.209474E+00  0.399521E+00  0.311854E-01
 0.210082E+00  0.352965E+00  0.292584E-01
 0.210690E+00  0.357137E+00  0.294970E-01
 0.211298E+00  0.322540E+00  0.296655E-01
 0.211906E+00  0.314858E+00  0.298861E-01
 0.212514E+00  0.349422E+00  0.305765E-01
 0.213122E+00  0.397086E+00  0.309028E-01
 0.213730E+00  0.326035E+00  0.291477E-01
 0.214338E+00  0.378283E+00  0.296009E-01
 0.214946E+00  0.368305E+00  0.294182E-01
 0.215554E+00  0.390624E+00  0.297786E-01
 0.216162E+00  0.424427E+00  0.298706E-01
 0.216770E+00  0.403985E+00  0.285489E-01
 0.217378E+00  0.389988E+00  0.279865E-01
 0.217986E+00  0.413049E+00  0.289031E-01
 0.218594E+00  0.393920E+00  0.296979E-01
 0.219202E+00  0.379916E+00  0.284311E-01
 0.219810E+00  0.371743E+00  0.286676E-01
 0.220418E+00  0.353021E+00  0.280529E-01
 0.221025E+00  0.361745E+00  0.281524E-01
 0.221633E+00  0.364151E+00  0.289871E-01
 0.222241E+00  0.331628E+00  0.291294E-01
 0.222849E+00  0.342118E+00  0.300403E-01
 0.223457E+00  0.350661E+00  0.287877E-01
 0.224065E+00  0.367826E+00  0.283598E-01
 0.224673E+00  0.334960E+00  0.287271E-01
 0.225281E+00  0.332032E+00  0.295871E-01
 0.225889E+00  0.353491E+00  0.285952E-01
 0.226497E+00  0.362856E+00  0.307318E-01
 0.227105E+00  0.398724E+00  0.295410E-01
 0.227713E+00  0.385724E+00  0.277080E-01
 0.228321E+00  0.387570E+00  0.281479E-01
 0.228929E+00  0.374043E+00  0.282067E-01
 0.229537E+00  0.388744E+00  0.276466E-01
 0.230145E+00  0.356066E+00  0.271657E-01
 0.230753E+00  0.400854E+00  0.274569E-01
 0.231361E+00  0.345284E+00  0.277255E-01
 0.231969E+00  0.350166E+00  0.278183E-01
 0.232577E+00  0.353405E+00  0.288348E-01
 0.233185E+00  0.324980E+00  0.297362E-01
 0.233793E+00  0.302164E+00  0.295534E-01
 0.234401E+00  0.323073E+00  0.296351E-01
 0.235009E+00  0.353922E+00  0.275392E-01
 0.235617E+00  0.380137E+00  0.275336E-01
 0.236225E+00  0.367667E+00  0.282467E-01
 0.236833E+00  0.374426E+00  0.277278E-01
 0.237441E+00  0.307158E+00  0.268942E-01
 0.238049E+00  0.290086E+00  0.285479E-01
 0.238657E+00  0.308512E+00  0.274386E-01
 0.239265E+00  0.307194E+00  0.269677E-01
 0.239873E+00  0.344265E+00  0.271206E-01
 0.240481E+00  0.355998E+00  0.267214E-01
 0.241089E+00  0.379309E+00  0.276610E-01
 0.241697E+00  0.376995E+00  0.282890E-01
 0.242304E+00  0.415276E+00  0.286394E-01
 0.242912E+00  0.366828E+00  0.270917E-01
 0.243520E+00  0.365698E+00  0.269563E-01
 0.244128E+00  0.374494E+00  0.264243E-01
 0.244736E+00  0.391351E+00  0.266411E-01
 0.245344E+00  0.379985E+00  0.276256E-01
 0.245952E+00  0.347613E+00  0.277295E-01
 0.246560E+00  0.321266E+00  0.276100E-01
 0.247168E+00  0.305275E+00  0.276897E-01
 0.247776E+00  0.290927E+00  0.270251E-01
 0.248384E+00  0.336717E+00  0.272717E-01
 0.248992E+00  0.308791E+00  0.268623E-01
 0.249600E+00  0.335097E+00  0.263244E-01
 0.250208E+00  0.353033E+00  0.263493E-01
 0.250816E+00  0.354229E+00  0.265062E-01
 0.251424E+00  0.315194E+00  0.272505E-01
 0.252032E+00  0.313029E+00  0.327322E-01
 0.252640E+00  0.312214E+00  0.354215E-01
 0.253248E+00  0.341600E+00  0.312665E-01
 0.253856E+00  0.365688E+00  0.286134E-01
 0.254464E+00  0.396698E+00  0.323860E-01
 0.255072E+00  0.392388E+00  0.280114E-01
 0.255679E+00  0.345507E+00  0.262629E-01
 0.256287E+00  0.352427E+00  0.277292E-01
 0.256895E+00  0.365798E+00  0.270217E-01
 0.257503E+00  0.319889E+00  0.267456E-01
 0.258111E+00  0.386433E+00  0.265534E-01
 0.258719E+00  0.358191E+00  0.262711E-01
 0.259327E+00  0.374641E+00  0.263611E-01
 0.259935E+00  0.358920E+00  0.265123E-01
 0.260543E+00  0.350220E+00  0.262955E-01
 0.261151E+00  0.366905E+00  0.270277E-01
 0.261759E+00  0.369373E+00  0.272101E-01
 0.262367E+00  0.382441E+00  0.260668E-01
 0.262975E+00  0.377177E+00  0.259698E-01
 0.263583E+00  0.398127E+00  0.258064E-01
 0.264191E+00  0.365770E+00  0.254021E-01
 0.264799E+00  0.390007E+00  0.266470E-01
 0.265407E+00  0.365956E+00  0.266660E-01
 0.266014E+00  0.370801E+00  0.269941E-01
 0.266622E+00  0.348996E+00  0.266779E-01
 0.267230E+00  0.311300E+00  0.261260E-01
 0.267838E+00  0.331544E+00  0.260343E-01
 0.268446E+00  0.354154E+00  0.257123E-01
 0.269054E+00  0.366263E+00  0.273747E-01
 0.269662E+00  0.340439E+00  0.264099E-01
 0.270270E+00  0.347828E+00  0.254729E-01
 0.270878E+00  0.358312E+00  0.254307E-01
 0.271486E+00  0.359147E+00  0.254494E-01
 0.272094E+00  0.392226E+00  0.253389E-01
 0.272702E+00  0.371389E+00  0.259862E-01
 0.273310E+00  0.368821E+00  0.241438E-01
 0.273918E+00  0.368644E+00  0.250525E-01
 0.274526E+00  0.370571E+00  0.259782E-01
 0.275133E+00  0.368119E+00  0.260064E-01
 0.275741E+00  0.337294E+00  0.251555E-01
 0.276349E+00  0.326459E+00  0.252908E-01
 0.276957E+00  0.364459E+00  0.249942E-01
 0.277565E+00  0.374382E+00  0.245760E-01
 0.278173E+00  0.368697E+00  0.255262E-01
 0.278781E+00  0.404238E+00  0.256471E-01
 0.279389E+00  0.378844E+00  0.239977E-01
 0.279997E+00  0.353200E+00  0.250511E-01
 0.280605E+00  0.367979E+00  0.239983E-01
 0.281213E+00  0.342306E+00  0.239713E-01
 0.281821E+00  0.355526E+00  0.252018E-01
 0.282429E+00  0.348596E+00  0.247194E-01
 0.283036E+00  0.333950E+00  0.241127E-01
 0.283644E+00  0.363287E+00  0.257195E-01
 0.284252E+00  0.357318E+00  0.289751E-01
 0.284860E+00  0.329551E+00  0.438502E-01
 0.285468E+00  0.354194E+00  0.440645E-01
 0.286076E+00  0.316176E+00  0.273363E-01
 0.286684E+00  0.280732E+00  0.240157E-01
 0.287292E+00  0.286345E+00  0.242729E-01
 0.287900E+00  0.319201E+00  0.234966E-01
 0.288508E+00  0.337440E+00  0.229218E-01
 0.289116E+00  0.318028E+00  0.235859E-01
 0.289723E+00  0.337971E+00  0.236271E-01
 0.290331E+00  0.391103E+00  0.239755E-01
 0.290939E+00  0.388413E+00  0.239354E-01
 0.291547E+00  0.349930E+00  0.236278E-01
 0.292155E+00  0.378665E+00  0.225579E-01
 0.292763E+00  0.353581E+00  0.230586E-01
 0.293371E+00  0.331360E+00  0.283729E-01
 0.293979E+00  0.378510E+00  0.473232E-01
 0.294587E+00  0.387788E+00  0.398739E-01
 0.295195E+00  0.374831E+00  0.499575E-01
 0.295803E+00  0.386723E+00  0.308141E-01
 0.296410E+00  0.383694E+00  0.232285E-01
 0.297018E+00  0.422235E+00  0.226560E-01
 0.297626E+00  0.376100E+00  0.232303E-01
 0.298234E+00  0.385276E+00  0.232727E-01
 0.298842E+00  0.391252E+00  0.226687E-01
 0.299450E+00  0.384582E+00  0.226383E-01
 0.300058E+00  0.337814E+00  0.224271E-01
 0.300666E+00  0.377117E+00  0.219631E-01
 0.301274E+00  0.386784E+00  0.219894E-01
 0.301881E+00  0.438624E+00  0.227178E-01
 0.302489E+00  0.411358E+00  0.219395E-01
 0.303097E+00  0.398963E+00  0.221662E-01
 0.303705E+00  0.386876E+00  0.222891E-01
 0.304313E+00  0.385891E+00  0.216141E-01
 0.304921E+00  0.354799E+00  0.225892E-01
 0.305529E+00  0.349346E+00  0.224925E-01
 0.306137E+00  0.356013E+00  0.220573E-01
 0.306745E+00  0.355747E+00  0.246609E-01
 0.307353E+00  0.383630E+00  0.299397E-01
 0.307960E+00  0.387569E+00  0.234555E-01
 0.308568E+00  0.351284E+00  0.213135E-01
 0.309176E+00  0.347347E+00  0.220999E-01
 0.309784E+00  0.348945E+00  0.214441E-01
 0.310392E+00  0.335051E+00  0.208677E-01
 0.311000E+00  0.345697E+00  0.207963E-01
 0.311608E+00  0.350648E+00  0.208426E-01
 0.312216E+00  0.372955E+00  0.215589E-01
 0.312823E+00  0.369003E+00  0.209905E-01
 0.313431E+00  0.375379E+00  0.210315E-01
 0.314039E+00  0.373692E+00  0.234936E-01
 0.314647E+00  0.377476E+00  0.242605E-01
 0.315255E+00  0.378354E+00  0.258185E-01
 0.315863E+00  0.356474E+00  0.281483E-01
 0.316471E+00  0.349015E+00  0.271501E-01
---------Y:\Desktop\SAXS\LBL_1220_2009\dat\p3_B2_2.mccd.dat-------------------
---------Y:\Desktop\SAXS\LBL_1220_2009\dat\p3_B3_2.mccd.dat-------------------
