# SAXS profile: number of points = 471, q_min = 0.013682, q_max = 0.29945, delta_q = 0.000608017021276596
# offset = 0.00000000000000, scaling c = 1.93956754349253e-06, Chi = 1.17061348896766
#  q       exp_intensity   model_intensity
0.01368    16.13760000     17.26129103    
0.01429    16.31170000     17.20085610    
0.01490    16.22510000     17.13833470    
0.01551    16.73190000     17.07254591    
0.01611    16.90370000     17.00537857    
0.01672    16.80070000     16.93509168    
0.01733    16.61900000     16.86364779    
0.01794    16.68250000     16.79122921    
0.01855    16.83210000     16.71402544    
0.01915    16.83530000     16.63523286    
0.01976    16.26740000     16.55388654    
0.02037    16.20800000     16.47040718    
0.02098    16.30630000     16.38556521    
0.02159    16.35650000     16.29742318    
0.02219    16.35260000     16.20810278    
0.02280    16.18170000     16.11653669    
0.02341    16.13910000     16.02279751    
0.02402    15.95960000     15.92791979    
0.02463    15.90370000     15.83003714    
0.02524    15.63770000     15.73099431    
0.02584    15.48050000     15.63011000    
0.02645    15.50650000     15.52691495    
0.02706    15.50770000     15.42287050    
0.02767    15.41650000     15.31631356    
0.02828    15.39070000     15.20855095    
0.02888    15.24560000     15.09933804    
0.02949    15.12640000     14.98805901    
0.03010    15.07680000     14.87589341    
0.03071    14.99440000     14.76169865    
0.03132    14.80810000     14.64704298    
0.03192    14.55790000     14.53196139    
0.03253    14.49270000     14.41370637    
0.03314    14.33530000     14.29451940    
0.03375    14.37730000     14.17373251    
0.03436    14.30030000     14.05160801    
0.03497    14.23650000     13.92888140    
0.03557    13.90860000     13.80443348    
0.03618    13.80990000     13.67937737    
0.03679    13.69990000     13.55313450    
0.03740    13.41480000     13.42586154    
0.03800    13.22990000     13.29802927    
0.03861    13.22720000     13.16876965    
0.03922    13.20010000     13.03902579    
0.03983    13.16370000     12.90843397    
0.04044    12.96480000     12.77789252    
0.04104    12.84610000     12.64719682    
0.04165    12.58540000     12.51410581    
0.04226    12.39100000     12.38082553    
0.04287    12.29850000     12.24700665    
0.04348    12.00770000     12.11253894    
0.04409    12.01000000     11.97779671    
0.04469    11.84680000     11.84245924    
0.04530    11.71830000     11.70683060    
0.04591    11.66350000     11.57090691    
0.04652    11.36600000     11.43459590    
0.04713    11.06330000     11.29837691    
0.04773    11.11380000     11.16276734    
0.04834    10.88690000     11.02640041    
0.04895    10.75960000     10.88944442    
0.04956    10.65250000     10.75216103    
0.05017    10.52740000     10.61509770    
0.05078    10.41270000     10.47804428    
0.05138    10.17200000     10.34106072    
0.05199    10.05640000     10.20411821    
0.05260    9.92259000      10.06740826    
0.05321    9.68897000      9.93114701     
0.05382    9.63353000      9.79574824     
0.05442    9.51026000      9.65996817     
0.05503    9.32818000      9.52404893     
0.05564    9.22567000      9.38864336     
0.05625    8.95248000      9.25350421     
0.05686    8.99002000      9.11875445     
0.05746    8.78184000      8.98456198     
0.05807    8.84211000      8.85042312     
0.05868    8.68574000      8.71724549     
0.05929    8.57804000      8.58491195     
0.05990    8.30168000      8.45351629     
0.06050    8.16084000      8.32224010     
0.06111    8.11829000      8.19119160     
0.06172    7.88898000      8.06104226     
0.06233    7.79278000      7.93153332     
0.06294    7.60321000      7.80257107     
0.06354    7.51803000      7.67472962     
0.06415    7.41675000      7.54754618     
0.06476    7.34206000      7.42194121     
0.06537    7.18124000      7.29671850     
0.06598    6.97635000      7.17153955     
0.06659    6.94930000      7.04799020     
0.06719    6.77145000      6.92498751     
0.06780    6.73153000      6.80303991     
0.06841    6.55414000      6.68217704     
0.06902    6.53181000      6.56190684     
0.06963    6.39937000      6.44389262     
0.07023    6.30118000      6.32627828     
0.07084    6.26102000      6.20930752     
0.07145    5.98235000      6.09364577     
0.07206    6.06386000      5.97861916     
0.07266    5.87076000      5.86525142     
0.07327    5.74372000      5.75298257     
0.07388    5.61265000      5.64206219     
0.07449    5.42593000      5.53201113     
0.07510    5.39857000      5.42270929     
0.07571    5.30086000      5.31503909     
0.07631    5.21220000      5.20839505     
0.07692    5.01590000      5.10271185     
0.07753    4.94801000      4.99877678     
0.07814    4.84938000      4.89567579     
0.07875    4.78667000      4.79453933     
0.07935    4.68437000      4.69430562     
0.07996    4.61309000      4.59471968     
0.08057    4.53519000      4.49709266     
0.08118    4.41008000      4.40021014     
0.08179    4.31953000      4.30481068     
0.08239    4.19512000      4.21107148     
0.08300    4.10765000      4.11823958     
0.08361    4.05971000      4.02692971     
0.08422    3.96644000      3.93654121     
0.08483    3.88501000      3.84752301     
0.08543    3.75947000      3.76032430     
0.08604    3.61951000      3.67397249     
0.08665    3.62792000      3.58924052     
0.08726    3.53053000      3.50542279     
0.08787    3.43022000      3.42283703     
0.08847    3.31475000      3.34193175     
0.08908    3.21711000      3.26183672     
0.08969    3.15059000      3.18389049     
0.09030    3.06347000      3.10682015     
0.09091    3.03632000      3.03065501     
0.09151    2.93883000      2.95629027     
0.09212    2.90445000      2.88267984     
0.09273    2.84910000      2.81064341     
0.09334    2.78193000      2.74005746     
0.09395    2.71202000      2.67052163     
0.09456    2.66856000      2.60262194     
0.09516    2.58698000      2.53543281     
0.09577    2.51525000      2.46975311     
0.09638    2.42613000      2.40551583     
0.09699    2.36679000      2.34214404     
0.09760    2.31842000      2.28049322     
0.09820    2.24621000      2.21954958     
0.09881    2.18862000      2.15993784     
0.09942    2.11544000      2.10184270     
0.10003    2.02879000      2.04450545     
0.10064    2.00068000      1.98880457     
0.10124    1.94209000      1.93387579     
0.10185    1.91709000      1.88009886     
0.10246    1.84013000      1.82781341     
0.10307    1.78997000      1.77630791     
0.10368    1.70303000      1.72626869     
0.10429    1.64781000      1.67708940     
0.10489    1.62900000      1.62888474     
0.10550    1.56742000      1.58229082     
0.10611    1.55562000      1.53632567     
0.10672    1.52379000      1.49166415     
0.10733    1.48219000      1.44792286     
0.10793    1.45171000      1.40498291     
0.10854    1.39900000      1.36368181     
0.10915    1.31810000      1.32294966     
0.10976    1.28013000      1.28334489     
0.11037    1.20964000      1.24471015     
0.11097    1.20700000      1.20672124     
0.11158    1.16692000      1.17036468     
0.11219    1.13138000      1.13451978     
0.11280    1.06591000      1.09958370     
0.11341    1.07475000      1.06570925     
0.11401    1.04568000      1.03237075     
0.11462    1.01993000      1.00057099     
0.11523    0.97012200      0.96926469     
0.11584    0.93577000      0.93876940     
0.11645    0.92963100      0.90929268     
0.11705    0.89615100      0.88031332     
0.11766    0.90028600      0.85264097     
0.11827    0.87527500      0.82550589     
0.11888    0.82345400      0.79904341     
0.11949    0.80080300      0.77359007     
0.12009    0.77568100      0.74859409     
0.12070    0.76507200      0.72471386     
0.12131    0.73671900      0.70139399     
0.12192    0.68853400      0.67861280     
0.12253    0.66639000      0.65689256     
0.12313    0.62870900      0.63556557     
0.12374    0.65161100      0.61504453     
0.12435    0.61559600      0.59511025     
0.12496    0.60227300      0.57566408     
0.12557    0.54856000      0.55724970     
0.12618    0.52347500      0.53917870     
0.12678    0.53208600      0.52177274     
0.12739    0.50135100      0.50502175     
0.12800    0.47333500      0.48863428     
0.12861    0.47100100      0.47311890     
0.12921    0.46255600      0.45792123     
0.12982    0.41102300      0.44330170     
0.13043    0.41244400      0.42932244     
0.13104    0.40633700      0.41565594     
0.13165    0.38323000      0.40271624     
0.13226    0.40487300      0.39012727     
0.13286    0.37968800      0.37802384     
0.13347    0.40684600      0.36647258     
0.13408    0.41139000      0.35517633     
0.13469    0.35151900      0.34451223     
0.13529    0.32868600      0.33420297     
0.13590    0.32379900      0.32427021     
0.13651    0.32078900      0.31486565     
0.13712    0.33654700      0.30569146     
0.13773    0.32815800      0.29703777     
0.13834    0.29977200      0.28871502     
0.13894    0.27815600      0.28064868     
0.13955    0.27741700      0.27313350     
0.14016    0.27473100      0.26581115     
0.14077    0.28941000      0.25887218     
0.14138    0.27574300      0.25225579     
0.14198    0.25980700      0.24583844     
0.14259    0.25559500      0.23992858     
0.14320    0.22616300      0.23417887     
0.14381    0.24005600      0.22872790     
0.14442    0.23678200      0.22359996     
0.14502    0.22328500      0.21863687     
0.14563    0.21133600      0.21405744     
0.14624    0.22305100      0.20964436     
0.14685    0.22324500      0.20548633     
0.14746    0.22415900      0.20159552     
0.14806    0.21871500      0.19783313     
0.14867    0.20956700      0.19440512     
0.14928    0.21115300      0.19112418     
0.14989    0.19280100      0.18801552     
0.15050    0.19121700      0.18517696     
0.15110    0.18326400      0.18244807     
0.15171    0.18279400      0.17995508     
0.15232    0.17704800      0.17760737     
0.15293    0.17088400      0.17539040     
0.15354    0.17282700      0.17341226     
0.15415    0.18584300      0.17152439     
0.15475    0.15828700      0.16981080     
0.15536    0.16407000      0.16824067     
0.15597    0.15866700      0.16676871     
0.15658    0.13859600      0.16548681     
0.15718    0.15704100      0.16427759     
0.15779    0.15840900      0.16321115     
0.15840    0.16800500      0.16225829     
0.15901    0.15657400      0.16136671     
0.15962    0.15877200      0.16065173     
0.16023    0.15589100      0.15999095     
0.16083    0.15744800      0.15942242     
0.16144    0.16024400      0.15896430     
0.16205    0.18125700      0.15855759     
0.16266    0.15893300      0.15826032     
0.16326    0.14853200      0.15802086     
0.16387    0.16920600      0.15785623     
0.16448    0.15576300      0.15776651     
0.16509    0.14255900      0.15771305     
0.16570    0.16562800      0.15775582     
0.16631    0.15565300      0.15783544     
0.16691    0.15139100      0.15795167     
0.16752    0.17267100      0.15814516     
0.16813    0.17731300      0.15836730     
0.16874    0.16650700      0.15864790     
0.16934    0.15779900      0.15895591     
0.16995    0.15142400      0.15928480     
0.17056    0.14078500      0.15967231     
0.17117    0.15112600      0.16007502     
0.17178    0.16853000      0.16050449     
0.17239    0.17174500      0.16096584     
0.17299    0.17444900      0.16144568     
0.17360    0.16491100      0.16194691     
0.17421    0.17604300      0.16246126     
0.17482    0.18126200      0.16300018     
0.17542    0.17686400      0.16354411     
0.17603    0.19414900      0.16409166     
0.17664    0.19338200      0.16466481     
0.17725    0.19334500      0.16523799     
0.17786    0.19271000      0.16580892     
0.17847    0.18843900      0.16639337     
0.17907    0.18009300      0.16698193     
0.17968    0.18101900      0.16757041     
0.18029    0.18456800      0.16815235     
0.18090    0.18655100      0.16872711     
0.18151    0.17450500      0.16929972     
0.18211    0.18691300      0.16986808     
0.18272    0.17178300      0.17041989     
0.18333    0.18555500      0.17096962     
0.18394    0.19731700      0.17151762     
0.18455    0.18147900      0.17203805     
0.18515    0.19060700      0.17255290     
0.18576    0.20304100      0.17306052     
0.18637    0.19902500      0.17355388     
0.18698    0.19218400      0.17403807     
0.18759    0.19606900      0.17448337     
0.18819    0.19968700      0.17492311     
0.18880    0.18491900      0.17535408     
0.18941    0.19615000      0.17575244     
0.19002    0.19618600      0.17613465     
0.19063    0.19994000      0.17650345     
0.19123    0.19315700      0.17685223     
0.19184    0.18554100      0.17716904     
0.19245    0.17977700      0.17747194     
0.19306    0.19401400      0.17776615     
0.19367    0.20241300      0.17802430     
0.19427    0.18019100      0.17826006     
0.19488    0.18184600      0.17846854     
0.19549    0.19705000      0.17865603     
0.19610    0.19342100      0.17883214     
0.19671    0.19597700      0.17897529     
0.19731    0.19310300      0.17909098     
0.19792    0.18811500      0.17918097     
0.19853    0.19571400      0.17924751     
0.19914    0.18564700      0.17929827     
0.19975    0.20527200      0.17930707     
0.20035    0.20569000      0.17930028     
0.20096    0.19027400      0.17928231     
0.20157    0.18296600      0.17922598     
0.20218    0.18254100      0.17915133     
0.20279    0.16166100      0.17903861     
0.20339    0.15100000      0.17890743     
0.20400    0.17949800      0.17876610     
0.20461    0.18253400      0.17858670     
0.20522    0.17979800      0.17838764     
0.20583    0.17363900      0.17815345     
0.20643    0.18269600      0.17790159     
0.20704    0.17011400      0.17763904     
0.20765    0.17108500      0.17732766     
0.20826    0.18368400      0.17700743     
0.20887    0.18756200      0.17667518     
0.20947    0.18504200      0.17631103     
0.21008    0.17713400      0.17593160     
0.21069    0.19534700      0.17551196     
0.21130    0.17820200      0.17508124     
0.21191    0.17307900      0.17463899     
0.21251    0.16316600      0.17416745     
0.21312    0.16864700      0.17368155     
0.21373    0.17426500      0.17315976     
0.21434    0.17834500      0.17262900     
0.21495    0.17855700      0.17209107     
0.21555    0.16542000      0.17152325     
0.21616    0.16599700      0.17094159     
0.21677    0.15520300      0.17032989     
0.21738    0.16267300      0.16970993     
0.21799    0.17339300      0.16908495     
0.21859    0.17331800      0.16843141     
0.21920    0.17513500      0.16776574     
0.21981    0.17441500      0.16707705     
0.22042    0.16537000      0.16638070     
0.22102    0.15533500      0.16568117     
0.22163    0.13911900      0.16496040     
0.22224    0.14782600      0.16423127     
0.22285    0.14715600      0.16348941     
0.22346    0.14874600      0.16272414     
0.22406    0.15757500      0.16195095     
0.22467    0.16485400      0.16117630     
0.22528    0.17145500      0.16039285     
0.22589    0.15873300      0.15959915     
0.22650    0.14986000      0.15878730     
0.22711    0.15121900      0.15797120     
0.22771    0.14261800      0.15715423     
0.22832    0.13880900      0.15633030     
0.22893    0.13240900      0.15550015     
0.22954    0.13837300      0.15465594     
0.23014    0.15436200      0.15381030     
0.23075    0.15257000      0.15296596     
0.23136    0.16687700      0.15211811     
0.23197    0.17132400      0.15126784     
0.23258    0.16131900      0.15041353     
0.23319    0.15431000      0.14955542     
0.23379    0.15359600      0.14868911     
0.23440    0.14675000      0.14782716     
0.23501    0.14202200      0.14696751     
0.23562    0.14666900      0.14611145     
0.23622    0.15118700      0.14525515     
0.23683    0.14502800      0.14439843     
0.23744    0.14762500      0.14353836     
0.23805    0.13287900      0.14267795     
0.23866    0.14104900      0.14182819     
0.23927    0.13707000      0.14098160     
0.23987    0.13076300      0.14013912     
0.24048    0.13530000      0.13930353     
0.24109    0.13898300      0.13846968     
0.24170    0.12842400      0.13763540     
0.24230    0.11562800      0.13681084     
0.24291    0.12848900      0.13599325     
0.24352    0.12614400      0.13518506     
0.24413    0.13770000      0.13438090     
0.24474    0.11600100      0.13358589     
0.24534    0.11897700      0.13279410     
0.24595    0.11660500      0.13200477     
0.24656    0.10731300      0.13123597     
0.24717    0.11328000      0.13047293     
0.24778    0.10831400      0.12972036     
0.24838    0.11652100      0.12897678     
0.24899    0.12717700      0.12823843     
0.24960    0.12690900      0.12751062     
0.25021    0.12850500      0.12679028     
0.25082    0.14316000      0.12608407     
0.25142    0.14306600      0.12539305     
0.25203    0.12289300      0.12470945     
0.25264    0.10994500      0.12404072     
0.25325    0.10671900      0.12338035     
0.25386    0.10474100      0.12273212     
0.25446    0.10827200      0.12209326     
0.25507    0.11556300      0.12146042     
0.25568    0.11323100      0.12085172     
0.25629    0.10341000      0.12025078     
0.25689    0.10016400      0.11965963     
0.25750    0.10894600      0.11908707     
0.25811    0.09739110      0.11852209     
0.25872    0.09632670      0.11797363     
0.25933    0.08722240      0.11743317     
0.25994    0.10471900      0.11689957     
0.26054    0.10445400      0.11638886     
0.26115    0.11080500      0.11588655     
0.26176    0.10886600      0.11540140     
0.26237    0.12320600      0.11492682     
0.26298    0.12209400      0.11445918     
0.26358    0.11724400      0.11401389     
0.26419    0.11362200      0.11357443     
0.26480    0.10457800      0.11314563     
0.26541    0.11520500      0.11273325     
0.26601    0.10825200      0.11233013     
0.26662    0.10954400      0.11194732     
0.26723    0.09223260      0.11157222     
0.26784    0.09747340      0.11120982     
0.26845    0.09970040      0.11086064     
0.26905    0.10675700      0.11051816     
0.26966    0.10944000      0.11019511     
0.27027    0.11259600      0.10987912     
0.27088    0.10534400      0.10957198     
0.27149    0.10025800      0.10927917     
0.27209    0.10533100      0.10899296     
0.27270    0.09725520      0.10872317     
0.27331    0.10917100      0.10846156     
0.27392    0.11981700      0.10820780     
0.27453    0.12001500      0.10797129     
0.27513    0.11859100      0.10774103     
0.27574    0.11601100      0.10752168     
0.27635    0.11236700      0.10731163     
0.27696    0.12384700      0.10710849     
0.27757    0.10914100      0.10691606     
0.27817    0.10035600      0.10672914     
0.27878    0.09794800      0.10655402     
0.27939    0.09818170      0.10638916     
0.28000    0.09780420      0.10623009     
0.28060    0.08446600      0.10608178     
0.28121    0.09607990      0.10593858     
0.28182    0.10567600      0.10580477     
0.28243    0.11668100      0.10567816     
0.28304    0.12086900      0.10555541     
0.28364    0.12623400      0.10544288     
0.28425    0.11897600      0.10533483     
0.28486    0.11802900      0.10523309     
0.28547    0.09642360      0.10513774     
0.28608    0.08784190      0.10504484     
0.28668    0.08719220      0.10495566     
0.28729    0.10470600      0.10487304     
0.28790    0.09934310      0.10479750     
0.28851    0.10507000      0.10472709     
0.28912    0.11301700      0.10465896     
0.28972    0.10629200      0.10459637     
0.29033    0.10813600      0.10453682     
0.29094    0.10853100      0.10447992     
0.29155    0.09552180      0.10442847     
0.29215    0.10317600      0.10437837     
0.29276    0.10065700      0.10433045     
0.29337    0.11222600      0.10428501     
0.29398    0.11175000      0.10424115     
0.29459    0.11164500      0.10420187     
0.29519    0.10606600      0.10416288     
0.29580    0.10656600      0.10412418     
0.29641    0.10044600      0.10408712     
0.29702    0.09624980      0.10405072     
0.29763    0.10397100      0.10401268     
0.29823    0.10402700      0.10397641     
0.29884    0.11183100      0.10394295     
0.29945    0.11284400      0.10390880     
