# SAXS profile: number of points = 471, q_min = 0.013682, q_max = 0.29945, delta_q = 0.000608017021276596
# offset = 0.00000000000000, scaling c = 1.28530968845632e-06, Chi = 4.08056310685328
#  q       exp_intensity   model_intensity
0.01368    16.13760000     16.37536671    
0.01429    16.31170000     16.32520182    
0.01490    16.22510000     16.27327716    
0.01551    16.73190000     16.21950541    
0.01611    16.90370000     16.16454028    
0.01672    16.80070000     16.10601729    
0.01733    16.61900000     16.04574551    
0.01794    16.68250000     15.98400051    
0.01855    16.83210000     15.91941961    
0.01915    16.83530000     15.85361796    
0.01976    16.26740000     15.78560843    
0.02037    16.20800000     15.71574824    
0.02098    16.30630000     15.64470581    
0.02159    16.35650000     15.57078174    
0.02219    16.35260000     15.49582319    
0.02280    16.18170000     15.41889205    
0.02341    16.13910000     15.34003886    
0.02402    15.95960000     15.26017799    
0.02463    15.90370000     15.17763843    
0.02524    15.63770000     15.09405682    
0.02584    15.48050000     15.00882120    
0.02645    15.50650000     14.92150064    
0.02706    15.50770000     14.83349790    
0.02767    15.41650000     14.74411446    
0.02828    15.39070000     14.65315114    
0.02888    15.24560000     14.56028736    
0.02949    15.12640000     14.46549481    
0.03010    15.07680000     14.36986989    
0.03071    14.99440000     14.27232662    
0.03132    14.80810000     14.17363288    
0.03192    14.55790000     14.07387604    
0.03253    14.49270000     13.97226547    
0.03314    14.33530000     13.86991924    
0.03375    14.37730000     13.76599910    
0.03436    14.30030000     13.66076637    
0.03497    14.23650000     13.55490187    
0.03557    13.90860000     13.44816216    
0.03618    13.80990000     13.34056312    
0.03679    13.69990000     13.23106291    
0.03740    13.41480000     13.12046566    
0.03800    13.22990000     13.00927238    
0.03861    13.22720000     12.89651712    
0.03922    13.20010000     12.78321710    
0.03983    13.16370000     12.66896313    
0.04044    12.96480000     12.55371295    
0.04104    12.84610000     12.43804065    
0.04165    12.58540000     12.32177328    
0.04226    12.39100000     12.20479906    
0.04287    12.29850000     12.08663925    
0.04348    12.00770000     11.96760803    
0.04409    12.01000000     11.84819740    
0.04469    11.84680000     11.72792233    
0.04530    11.71830000     11.60718656    
0.04591    11.66350000     11.48598398    
0.04652    11.36600000     11.36408475    
0.04713    11.06330000     11.24207467    
0.04773    11.11380000     11.12010353    
0.04834    10.88690000     10.99733471    
0.04895    10.75960000     10.87394545    
0.04956    10.65250000     10.74985294    
0.05017    10.52740000     10.62579825    
0.05078    10.41270000     10.50142334    
0.05138    10.17200000     10.37682316    
0.05199    10.05640000     10.25209063    
0.05260    9.92259000      10.12782486    
0.05321    9.68897000      10.00325656    
0.05382    9.63353000      9.87808860     
0.05442    9.51026000      9.75286925     
0.05503    9.32818000      9.62762791     
0.05564    9.22567000      9.50239567     
0.05625    8.95248000      9.37720801     
0.05686    8.99002000      9.25208550     
0.05746    8.78184000      9.12760136     
0.05807    8.84211000      9.00306608     
0.05868    8.68574000      8.87838788     
0.05929    8.57804000      8.75387880     
0.05990    8.30168000      8.62955763     
0.06050    8.16084000      8.50560643     
0.06111    8.11829000      8.38193969     
0.06172    7.88898000      8.25919467     
0.06233    7.79278000      8.13644261     
0.06294    7.60321000      8.01368453     
0.06354    7.51803000      7.89152479     
0.06415    7.41675000      7.76962748     
0.06476    7.34206000      7.64830631     
0.06537    7.18124000      7.52782152     
0.06598    6.97635000      7.40768493     
0.06659    6.94930000      7.28806975     
0.06719    6.77145000      7.16877655     
0.06780    6.73153000      7.05014830     
0.06841    6.55414000      6.93222445     
0.06902    6.53181000      6.81468821     
0.06963    6.39937000      6.69871215     
0.07023    6.30118000      6.58298851     
0.07084    6.26102000      6.46767112     
0.07145    5.98235000      6.35326377     
0.07206    6.06386000      6.23934404     
0.07266    5.87076000      6.12702283     
0.07327    5.74372000      6.01509324     
0.07388    5.61265000      5.90364421     
0.07449    5.42593000      5.79314370     
0.07510    5.39857000      5.68333379     
0.07571    5.30086000      5.57474546     
0.07631    5.21220000      5.46715373     
0.07692    5.01590000      5.36049516     
0.07753    4.94801000      5.25481341     
0.07814    4.84938000      5.14963919     
0.07875    4.78667000      5.04570393     
0.07935    4.68437000      4.94294697     
0.07996    4.61309000      4.84103547     
0.08057    4.53519000      4.74033839     
0.08118    4.41008000      4.64022430     
0.08179    4.31953000      4.54132302     
0.08239    4.19512000      4.44378251     
0.08300    4.10765000      4.34698584     
0.08361    4.05971000      4.25146420     
0.08422    3.96644000      4.15675461     
0.08483    3.88501000      4.06320885     
0.08543    3.75947000      3.97120972     
0.08604    3.61951000      3.87993502     
0.08665    3.62792000      3.79009684     
0.08726    3.53053000      3.70106426     
0.08787    3.43022000      3.61311725     
0.08847    3.31475000      3.52688861     
0.08908    3.21711000      3.44136519     
0.08969    3.15059000      3.35725911     
0.09030    3.06347000      3.27410923     
0.09091    3.03632000      3.19194757     
0.09151    2.93883000      3.11165875     
0.09212    2.90445000      3.03205463     
0.09273    2.84910000      2.95368811     
0.09334    2.78193000      2.87668421     
0.09395    2.71202000      2.80065298     
0.09456    2.66856000      2.72621456     
0.09516    2.58698000      2.65246149     
0.09577    2.51525000      2.58016058     
0.09638    2.42613000      2.50923546     
0.09699    2.36679000      2.43913583     
0.09760    2.31842000      2.37077259     
0.09820    2.24621000      2.30311063     
0.09881    2.18862000      2.23676827     
0.09942    2.11544000      2.17191976     
0.10003    2.02879000      2.10782186     
0.10064    2.00068000      2.04542100     
0.10124    1.94209000      1.98387828     
0.10185    1.91709000      1.92361579     
0.10246    1.84013000      1.86459703     
0.10307    1.78997000      1.80632564     
0.10368    1.70303000      1.74977321     
0.10429    1.64781000      1.69419698     
0.10489    1.62900000      1.63972716     
0.10550    1.56742000      1.58669170     
0.10611    1.55562000      1.53432716     
0.10672    1.52379000      1.48363167     
0.10733    1.48219000      1.43385795     
0.10793    1.45171000      1.38488693     
0.10854    1.39900000      1.33767160     
0.10915    1.31810000      1.29108902     
0.10976    1.28013000      1.24578583     
0.11037    1.20964000      1.20156511     
0.11097    1.20700000      1.15806509     
0.11158    1.16692000      1.11635860     
0.11219    1.13138000      1.07524461     
0.11280    1.06591000      1.03519364     
0.11341    1.07475000      0.99642204     
0.11401    1.04568000      0.95829082     
0.11462    1.01993000      0.92171093     
0.11523    0.97012200      0.88579116     
0.11584    0.93577000      0.85095630     
0.11645    0.92963100      0.81725052     
0.11705    0.89615100      0.78410260     
0.11766    0.90028600      0.75247044     
0.11827    0.87527500      0.72149645     
0.11888    0.82345400      0.69134640     
0.11949    0.80080300      0.66246939     
0.12009    0.77568100      0.63413226     
0.12070    0.76507200      0.60699976     
0.12131    0.73671900      0.58063720     
0.12192    0.68853400      0.55501480     
0.12253    0.66639000      0.53056494     
0.12313    0.62870900      0.50661380     
0.12374    0.65161100      0.48378021     
0.12435    0.61559600      0.46164998     
0.12496    0.60227300      0.44009983     
0.12557    0.54856000      0.41981746     
0.12618    0.52347500      0.39997594     
0.12678    0.53208600      0.38099839     
0.12739    0.50135100      0.36283638     
0.12800    0.47333500      0.34512701     
0.12861    0.47100100      0.32856256     
0.12921    0.46255600      0.31241926     
0.12982    0.41102300      0.29704234     
0.13043    0.41244400      0.28242457     
0.13104    0.40633700      0.26818926     
0.13165    0.38323000      0.25498540     
0.13226    0.40487300      0.24220150     
0.13286    0.37968800      0.22999899     
0.13347    0.40684600      0.21858527     
0.13408    0.41139000      0.20752133     
0.13469    0.35151900      0.19726318     
0.13529    0.32868600      0.18746027     
0.13590    0.32379900      0.17814038     
0.13651    0.32078900      0.16953609     
0.13712    0.33654700      0.16123544     
0.13773    0.32815800      0.15361186     
0.13834    0.29977200      0.14643232     
0.13894    0.27815600      0.13960212     
0.13955    0.27741700      0.13347955     
0.14016    0.27473100      0.12761502     
0.14077    0.28941000      0.12227195     
0.14138    0.27574300      0.11736448     
0.14198    0.25980700      0.11272580     
0.14259    0.25559500      0.10871927     
0.14320    0.22616300      0.10492822     
0.14381    0.24005600      0.10154189     
0.14442    0.23678200      0.09856243     
0.14502    0.22328500      0.09579202     
0.14563    0.21133600      0.09353944     
0.14624    0.22305100      0.09149313     
0.14685    0.22324500      0.08976312     
0.14746    0.22415900      0.08838716     
0.14806    0.21871500      0.08717713     
0.14867    0.20956700      0.08637443     
0.14928    0.21115300      0.08576458     
0.14989    0.19280100      0.08538066     
0.15050    0.19121700      0.08530744     
0.15110    0.18326400      0.08536691     
0.15171    0.18279400      0.08572946     
0.15232    0.17704800      0.08626087     
0.15293    0.17088400      0.08694426     
0.15354    0.17282700      0.08789853     
0.15415    0.18584300      0.08895257     
0.15475    0.15828700      0.09021494     
0.15536    0.16407000      0.09162068     
0.15597    0.15866700      0.09312453     
0.15658    0.13859600      0.09484603     
0.15718    0.15704100      0.09663787     
0.15779    0.15840900      0.09856376     
0.15840    0.16800500      0.10060322     
0.15901    0.15657400      0.10270358     
0.15962    0.15877200      0.10495544     
0.16023    0.15589100      0.10725486     
0.16083    0.15744800      0.10963522     
0.16144    0.16024400      0.11209479     
0.16205    0.18125700      0.11459154     
0.16266    0.15893300      0.11717047     
0.16326    0.14853200      0.11977879     
0.16387    0.16920600      0.12242514     
0.16448    0.15576300      0.12511365     
0.16509    0.14255900      0.12781869     
0.16570    0.16562800      0.13055515     
0.16631    0.15565300      0.13329838     
0.16691    0.15139100      0.13604831     
0.16752    0.17267100      0.13880289     
0.16813    0.17731300      0.14155665     
0.16874    0.16650700      0.14430453     
0.16934    0.15779900      0.14703528     
0.16995    0.15142400      0.14975295     
0.17056    0.14078500      0.15244021     
0.17117    0.15112600      0.15511171     
0.17178    0.16853000      0.15774888     
0.17239    0.17174500      0.16034543     
0.17299    0.17444900      0.16291846     
0.17360    0.16491100      0.16542901     
0.17421    0.17604300      0.16791189     
0.17482    0.18126200      0.17034335     
0.17542    0.17686400      0.17270879     
0.17603    0.19414900      0.17504106     
0.17664    0.19338200      0.17729067     
0.17725    0.19334500      0.17950207     
0.17786    0.19271000      0.18164976     
0.17847    0.18843900      0.18371750     
0.17907    0.18009300      0.18574643     
0.17968    0.18101900      0.18767109     
0.18029    0.18456800      0.18954474     
0.18090    0.18655100      0.19136248     
0.18151    0.17450500      0.19307498     
0.18211    0.18691300      0.19474242     
0.18272    0.17178300      0.19630655     
0.18333    0.18555500      0.19780550     
0.18394    0.19731700      0.19924953     
0.18455    0.18147900      0.20057954     
0.18515    0.19060700      0.20186348     
0.18576    0.20304100      0.20304971     
0.18637    0.19902500      0.20415306     
0.18698    0.19218400      0.20520310     
0.18759    0.19606900      0.20613301     
0.18819    0.19968700      0.20701799     
0.18880    0.18491900      0.20781672     
0.18941    0.19615000      0.20852452     
0.19002    0.19618600      0.20918459     
0.19063    0.19994000      0.20971995     
0.19123    0.19315700      0.21020725     
0.19184    0.18554100      0.21061774     
0.19245    0.17977700      0.21093970     
0.19306    0.19401400      0.21121850     
0.19367    0.20241300      0.21138291     
0.19427    0.18019100      0.21149132     
0.19488    0.18184600      0.21153148     
0.19549    0.19705000      0.21148394     
0.19610    0.19342100      0.21139718     
0.19671    0.19597700      0.21121623     
0.19731    0.19310300      0.21097844     
0.19792    0.18811500      0.21068745     
0.19853    0.19571400      0.21030758     
0.19914    0.18564700      0.20988928     
0.19975    0.20527200      0.20938459     
0.20035    0.20569000      0.20882924     
0.20096    0.19027400      0.20823753     
0.20157    0.18296600      0.20755989     
0.20218    0.18254100      0.20685103     
0.20279    0.16166100      0.20608062     
0.20339    0.15100000      0.20525691     
0.20400    0.17949800      0.20440397     
0.20461    0.18253400      0.20346660     
0.20522    0.17979800      0.20250550     
0.20583    0.17363900      0.20150195     
0.20643    0.18269600      0.20045214     
0.20704    0.17011400      0.19937940     
0.20765    0.17108500      0.19824789     
0.20826    0.18368400      0.19709394     
0.20887    0.18756200      0.19590955     
0.20947    0.18504200      0.19468172     
0.21008    0.17713400      0.19343469     
0.21069    0.19534700      0.19214330     
0.21130    0.17820200      0.19083536     
0.21191    0.17307900      0.18951019     
0.21251    0.16316600      0.18815325     
0.21312    0.16864700      0.18678464     
0.21373    0.17426500      0.18539266     
0.21434    0.17834500      0.18398744     
0.21495    0.17855700      0.18257164     
0.21555    0.16542000      0.18113448     
0.21616    0.16599700      0.17968926     
0.21677    0.15520300      0.17822758     
0.21738    0.16267300      0.17676357     
0.21799    0.17339300      0.17529813     
0.21859    0.17331800      0.17382521     
0.21920    0.17513500      0.17235158     
0.21981    0.17441500      0.17087686     
0.22042    0.16537000      0.16940390     
0.22102    0.15533500      0.16793442     
0.22163    0.13911900      0.16646891     
0.22224    0.14782600      0.16500668     
0.22285    0.14715600      0.16354946     
0.22346    0.14874600      0.16210270     
0.22406    0.15757500      0.16066090     
0.22467    0.16485400      0.15923161     
0.22528    0.17145500      0.15781365     
0.22589    0.15873300      0.15640887     
0.22650    0.14986000      0.15502566     
0.22711    0.15121900      0.15365190     
0.22771    0.14261800      0.15230028     
0.22832    0.13880900      0.15096397     
0.22893    0.13240900      0.14964134     
0.22954    0.13837300      0.14834922     
0.23014    0.15436200      0.14706935     
0.23075    0.15257000      0.14581573     
0.23136    0.16687700      0.14458385     
0.23197    0.17132400      0.14336686     
0.23258    0.16131900      0.14218841     
0.23319    0.15431000      0.14102463     
0.23379    0.15359600      0.13988970     
0.23440    0.14675000      0.13878169     
0.23501    0.14202200      0.13768828     
0.23562    0.14666900      0.13664100     
0.23622    0.15118700      0.13560856     
0.23683    0.14502800      0.13460140     
0.23744    0.14762500      0.13363195     
0.23805    0.13287900      0.13268048     
0.23866    0.14104900      0.13177121     
0.23927    0.13707000      0.13088319     
0.23987    0.13076300      0.13002267     
0.24048    0.13530000      0.12920169     
0.24109    0.13898300      0.12839831     
0.24170    0.12842400      0.12763673     
0.24230    0.11562800      0.12689999     
0.24291    0.12848900      0.12618559     
0.24352    0.12614400      0.12551405     
0.24413    0.13770000      0.12485961     
0.24474    0.11600100      0.12424214     
0.24534    0.11897700      0.12365290     
0.24595    0.11660500      0.12308533     
0.24656    0.10731300      0.12256108     
0.24717    0.11328000      0.12205357     
0.24778    0.10831400      0.12158018     
0.24838    0.11652100      0.12113531     
0.24899    0.12717700      0.12070706     
0.24960    0.12690900      0.12032412     
0.25021    0.12850500      0.11995614     
0.25082    0.14316000      0.11961576     
0.25142    0.14306600      0.11930684     
0.25203    0.12289300      0.11901368     
0.25264    0.10994500      0.11875852     
0.25325    0.10671900      0.11851986     
0.25386    0.10474100      0.11830517     
0.25446    0.10827200      0.11811848     
0.25507    0.11556300      0.11794493     
0.25568    0.11323100      0.11780478     
0.25629    0.10341000      0.11768041     
0.25689    0.10016400      0.11757393     
0.25750    0.10894600      0.11749587     
0.25811    0.09739110      0.11742934     
0.25872    0.09632670      0.11738788     
0.25933    0.08722240      0.11736242     
0.25994    0.10471900      0.11735072     
0.26054    0.10445400      0.11736219     
0.26115    0.11080500      0.11738331     
0.26176    0.10886600      0.11742526     
0.26237    0.12320600      0.11747912     
0.26298    0.12209400      0.11754081     
0.26358    0.11724400      0.11762499     
0.26419    0.11362200      0.11771603     
0.26480    0.10457800      0.11781996     
0.26541    0.11520500      0.11793548     
0.26601    0.10825200      0.11805690     
0.26662    0.10954400      0.11819466     
0.26723    0.09223260      0.11833698     
0.26784    0.09747340      0.11848683     
0.26845    0.09970040      0.11864350     
0.26905    0.10675700      0.11880357     
0.26966    0.10944000      0.11897304     
0.27027    0.11259600      0.11914465     
0.27088    0.10534400      0.11931895     
0.27149    0.10025800      0.11950009     
0.27209    0.10533100      0.11968299     
0.27270    0.09725520      0.11986611     
0.27331    0.10917100      0.12004889     
0.27392    0.11981700      0.12023133     
0.27453    0.12001500      0.12041531     
0.27513    0.11859100      0.12059815     
0.27574    0.11601100      0.12077749     
0.27635    0.11236700      0.12095543     
0.27696    0.12384700      0.12113235     
0.27757    0.10914100      0.12130313     
0.27817    0.10035600      0.12147126     
0.27878    0.09794800      0.12163394     
0.27939    0.09818170      0.12179090     
0.28000    0.09780420      0.12194465     
0.28060    0.08446600      0.12208660     
0.28121    0.09607990      0.12222458     
0.28182    0.10567600      0.12235533     
0.28243    0.11668100      0.12247635     
0.28304    0.12086900      0.12259221     
0.28364    0.12623400      0.12269388     
0.28425    0.11897600      0.12278940     
0.28486    0.11802900      0.12287621     
0.28547    0.09642360      0.12294931     
0.28608    0.08784190      0.12301629     
0.28668    0.08719220      0.12306910     
0.28729    0.10470600      0.12311233     
0.28790    0.09934310      0.12314517     
0.28851    0.10507000      0.12316175     
0.28912    0.11301700      0.12317127     
0.28972    0.10629200      0.12316444     
0.29033    0.10813600      0.12314626     
0.29094    0.10853100      0.12311859     
0.29155    0.09552180      0.12307215     
0.29215    0.10317600      0.12301787     
0.29276    0.10065700      0.12294676     
0.29337    0.11222600      0.12286284     
0.29398    0.11175000      0.12277074     
0.29459    0.11164500      0.12265694     
0.29519    0.10606600      0.12253459     
0.29580    0.10656600      0.12239574     
0.29641    0.10044600      0.12224235     
0.29702    0.09624980      0.12208093     
0.29763    0.10397100      0.12189792     
0.29823    0.10402700      0.12170635     
0.29884    0.11183100      0.12150108     
0.29945    0.11284400      0.12127937     
