 Merge of: p1_D2_2.mccd p1_D3_1.mccd p1_D6_1.mccd p1_D7_1.mccd p1_D10_1.mcc                                                                                                                                                                                     
p1_D2_2.mccd  Conc = .10E+01  Mult = .10E+01  N1 =   10  N2 =  142  SCALE =  1
p1_D3_1.mccd  Conc = .10E+01  Mult = .35E+00  N1 =   67  N2 =  157  SCALE =  1
p1_D6_1.mccd  Conc = .10E+01  Mult = .31E+00  N1 =   83  N2 =  176  SCALE =  1
p1_D7_1.mccd  Conc = .10E+01  Mult = .24E+00  N1 =   84  N2 =  490  SCALE =  1
p1_D10_1.mcc  Conc = .10E+01  Mult = .12E+00  N1 =   85  N2 =  510  SCALE =  1
 0.161140E-01  0.953108E+01  0.375633E+00
 0.167220E-01  0.963420E+01  0.327325E+00
 0.173300E-01  0.915191E+01  0.249835E+00
 0.179380E-01  0.914317E+01  0.273030E+00
 0.185460E-01  0.928713E+01  0.249964E+00
 0.191550E-01  0.950748E+01  0.221747E+00
 0.197630E-01  0.932429E+01  0.198820E+00
 0.203710E-01  0.934301E+01  0.183714E+00
 0.209790E-01  0.930878E+01  0.163750E+00
 0.215870E-01  0.902448E+01  0.151816E+00
 0.221950E-01  0.882219E+01  0.179132E+00
 0.228030E-01  0.864860E+01  0.166071E+00
 0.234110E-01  0.842748E+01  0.156795E+00
 0.240190E-01  0.839813E+01  0.151129E+00
 0.246270E-01  0.843398E+01  0.155495E+00
 0.252350E-01  0.823803E+01  0.134855E+00
 0.258430E-01  0.826413E+01  0.130252E+00
 0.264520E-01  0.821931E+01  0.122394E+00
 0.270600E-01  0.818959E+01  0.121262E+00
 0.276680E-01  0.801895E+01  0.131239E+00
 0.282760E-01  0.778727E+01  0.133724E+00
 0.288840E-01  0.783260E+01  0.116890E+00
 0.294920E-01  0.777819E+01  0.113052E+00
 0.301000E-01  0.778616E+01  0.115091E+00
 0.307080E-01  0.779190E+01  0.102386E+00
 0.313160E-01  0.784404E+01  0.110103E+00
 0.319240E-01  0.754608E+01  0.107868E+00
 0.325320E-01  0.753299E+01  0.109275E+00
 0.331400E-01  0.761622E+01  0.115326E+00
 0.337480E-01  0.754293E+01  0.926311E-01
 0.343570E-01  0.742839E+01  0.935480E-01
 0.349650E-01  0.726860E+01  0.107470E+00
 0.355730E-01  0.715864E+01  0.965575E-01
 0.361810E-01  0.704478E+01  0.968576E-01
 0.367890E-01  0.694059E+01  0.102013E+00
 0.373970E-01  0.679978E+01  0.900587E-01
 0.380050E-01  0.678266E+01  0.946437E-01
 0.386130E-01  0.675381E+01  0.912281E-01
 0.392210E-01  0.658188E+01  0.910215E-01
 0.398290E-01  0.649849E+01  0.923163E-01
 0.404370E-01  0.642526E+01  0.100069E+00
 0.410450E-01  0.635447E+01  0.829728E-01
 0.416540E-01  0.630716E+01  0.766558E-01
 0.422620E-01  0.611802E+01  0.727944E-01
 0.428700E-01  0.611391E+01  0.916333E-01
 0.434780E-01  0.611649E+01  0.814899E-01
 0.440860E-01  0.604144E+01  0.797415E-01
 0.446940E-01  0.584864E+01  0.875382E-01
 0.453020E-01  0.585101E+01  0.820633E-01
 0.459100E-01  0.590722E+01  0.833392E-01
 0.465180E-01  0.577672E+01  0.823831E-01
 0.471260E-01  0.562157E+01  0.710493E-01
 0.477340E-01  0.555617E+01  0.805147E-01
 0.483420E-01  0.546626E+01  0.795791E-01
 0.489500E-01  0.543329E+01  0.705929E-01
 0.495590E-01  0.533191E+01  0.688897E-01
 0.501670E-01  0.532882E+01  0.135418E+00
 0.507750E-01  0.524618E+01  0.590837E-01
 0.513830E-01  0.517632E+01  0.554090E-01
 0.519910E-01  0.503729E+01  0.575977E-01
 0.525990E-01  0.500620E+01  0.519955E-01
 0.532070E-01  0.499916E+01  0.547164E-01
 0.538150E-01  0.501071E+01  0.538790E-01
 0.544230E-01  0.486408E+01  0.537300E-01
 0.550310E-01  0.481688E+01  0.515847E-01
 0.556390E-01  0.473866E+01  0.524612E-01
 0.562470E-01  0.463758E+01  0.503239E-01
 0.568550E-01  0.461256E+01  0.548635E-01
 0.574630E-01  0.451288E+01  0.535198E-01
 0.580720E-01  0.444673E+01  0.471918E-01
 0.586800E-01  0.440772E+01  0.508789E-01
 0.592880E-01  0.435867E+01  0.482674E-01
 0.598960E-01  0.424257E+01  0.758890E-01
 0.605040E-01  0.415884E+01  0.590173E-01
 0.611120E-01  0.414751E+01  0.358974E-01
 0.617200E-01  0.407276E+01  0.274976E-01
 0.623280E-01  0.401827E+01  0.287374E-01
 0.629360E-01  0.399024E+01  0.274674E-01
 0.635440E-01  0.391242E+01  0.287926E-01
 0.641520E-01  0.384365E+01  0.282162E-01
 0.647600E-01  0.373974E+01  0.261046E-01
 0.653680E-01  0.371084E+01  0.259795E-01
 0.659770E-01  0.364730E+01  0.255227E-01
 0.665850E-01  0.360144E+01  0.245965E-01
 0.671930E-01  0.347553E+01  0.250938E-01
 0.678010E-01  0.346365E+01  0.251143E-01
 0.684090E-01  0.338658E+01  0.254475E-01
 0.690170E-01  0.334565E+01  0.294675E-01
 0.696250E-01  0.329304E+01  0.250874E-01
 0.702330E-01  0.324371E+01  0.249239E-01
 0.708410E-01  0.318090E+01  0.241364E-01
 0.714490E-01  0.315038E+01  0.248156E-01
 0.720570E-01  0.308423E+01  0.225846E-01
 0.726650E-01  0.301192E+01  0.234305E-01
 0.732730E-01  0.297030E+01  0.245695E-01
 0.738810E-01  0.288357E+01  0.235579E-01
 0.744900E-01  0.284215E+01  0.230876E-01
 0.750980E-01  0.281674E+01  0.225991E-01
 0.757060E-01  0.273564E+01  0.211561E-01
 0.763140E-01  0.265777E+01  0.212609E-01
 0.769220E-01  0.263137E+01  0.217092E-01
 0.775300E-01  0.256967E+01  0.221760E-01
 0.781380E-01  0.253755E+01  0.226889E-01
 0.787460E-01  0.249336E+01  0.220678E-01
 0.793540E-01  0.246183E+01  0.223217E-01
 0.799620E-01  0.243351E+01  0.228899E-01
 0.805700E-01  0.233723E+01  0.223878E-01
 0.811780E-01  0.229499E+01  0.217199E-01
 0.817860E-01  0.226031E+01  0.211675E-01
 0.823940E-01  0.220552E+01  0.215099E-01
 0.830020E-01  0.215652E+01  0.207380E-01
 0.836110E-01  0.210097E+01  0.208112E-01
 0.842190E-01  0.210808E+01  0.202955E-01
 0.848270E-01  0.204943E+01  0.197822E-01
 0.854350E-01  0.201728E+01  0.197062E-01
 0.860430E-01  0.193319E+01  0.197122E-01
 0.866510E-01  0.189644E+01  0.191715E-01
 0.872590E-01  0.188697E+01  0.195769E-01
 0.878670E-01  0.181536E+01  0.192525E-01
 0.884750E-01  0.181704E+01  0.197910E-01
 0.890830E-01  0.175500E+01  0.195535E-01
 0.896910E-01  0.172611E+01  0.199880E-01
 0.902990E-01  0.169013E+01  0.200430E-01
 0.909070E-01  0.170264E+01  0.204950E-01
 0.915150E-01  0.165028E+01  0.190362E-01
 0.921230E-01  0.159855E+01  0.191114E-01
 0.927320E-01  0.155221E+01  0.188150E-01
 0.933400E-01  0.153144E+01  0.189779E-01
 0.939480E-01  0.148536E+01  0.191613E-01
 0.945560E-01  0.141513E+01  0.193143E-01
 0.951640E-01  0.139806E+01  0.197293E-01
 0.957720E-01  0.136517E+01  0.189592E-01
 0.963800E-01  0.135278E+01  0.185146E-01
 0.969880E-01  0.131665E+01  0.208971E-01
 0.975960E-01  0.127416E+01  0.205082E-01
 0.982040E-01  0.125365E+01  0.199396E-01
 0.988120E-01  0.121622E+01  0.206498E-01
 0.994200E-01  0.117347E+01  0.201685E-01
 0.100028E+00  0.115345E+01  0.201371E-01
 0.100636E+00  0.113759E+01  0.205626E-01
 0.101244E+00  0.111494E+01  0.191036E-01
 0.101852E+00  0.107840E+01  0.408720E-01
 0.102461E+00  0.106068E+01  0.914912E-01
 0.103069E+00  0.102963E+01  0.491533E-01
 0.103677E+00  0.989343E+00  0.271832E-01
 0.104285E+00  0.986814E+00  0.209206E-01
 0.104893E+00  0.935651E+00  0.196064E-01
 0.105501E+00  0.925667E+00  0.195071E-01
 0.106109E+00  0.933862E+00  0.196375E-01
 0.106717E+00  0.882856E+00  0.186221E-01
 0.107325E+00  0.887854E+00  0.191348E-01
 0.107933E+00  0.805125E+00  0.191173E-01
 0.108541E+00  0.753148E+00  0.183235E-01
 0.109149E+00  0.764743E+00  0.185517E-01
 0.109757E+00  0.744339E+00  0.187747E-01
 0.110365E+00  0.753989E+00  0.178352E-01
 0.110973E+00  0.738238E+00  0.186919E-01
 0.111581E+00  0.721999E+00  0.184077E-01
 0.112189E+00  0.674945E+00  0.176433E-01
 0.112798E+00  0.656172E+00  0.185030E-01
 0.113406E+00  0.636169E+00  0.176051E-01
 0.114014E+00  0.631556E+00  0.180226E-01
 0.114622E+00  0.636309E+00  0.187545E-01
 0.115230E+00  0.595370E+00  0.184907E-01
 0.115838E+00  0.603332E+00  0.184197E-01
 0.116446E+00  0.573772E+00  0.189903E-01
 0.117054E+00  0.560505E+00  0.197042E-01
 0.117662E+00  0.535242E+00  0.180708E-01
 0.118270E+00  0.530346E+00  0.183803E-01
 0.118878E+00  0.524148E+00  0.205604E-01
 0.119486E+00  0.487338E+00  0.302852E-01
 0.120094E+00  0.482734E+00  0.201375E-01
 0.120702E+00  0.453681E+00  0.182229E-01
 0.121310E+00  0.466704E+00  0.179557E-01
 0.121918E+00  0.440642E+00  0.168540E-01
 0.122526E+00  0.449829E+00  0.167552E-01
 0.123134E+00  0.451882E+00  0.172907E-01
 0.123742E+00  0.434335E+00  0.161051E-01
 0.124351E+00  0.418139E+00  0.159691E-01
 0.124959E+00  0.390748E+00  0.161454E-01
 0.125567E+00  0.368569E+00  0.169447E-01
 0.126175E+00  0.373539E+00  0.173387E-01
 0.126783E+00  0.357650E+00  0.170658E-01
 0.127391E+00  0.358552E+00  0.169345E-01
 0.127999E+00  0.353151E+00  0.163861E-01
 0.128607E+00  0.351670E+00  0.173146E-01
 0.129215E+00  0.331921E+00  0.173310E-01
 0.129823E+00  0.321904E+00  0.172674E-01
 0.130431E+00  0.316870E+00  0.165118E-01
 0.131039E+00  0.278002E+00  0.162428E-01
 0.131647E+00  0.281816E+00  0.156324E-01
 0.132255E+00  0.275784E+00  0.159749E-01
 0.132863E+00  0.238045E+00  0.163472E-01
 0.133471E+00  0.255227E+00  0.178152E-01
 0.134079E+00  0.253557E+00  0.241004E-01
 0.134687E+00  0.230420E+00  0.279255E-01
 0.135295E+00  0.238605E+00  0.427356E-01
 0.135903E+00  0.217698E+00  0.304777E-01
 0.136511E+00  0.225520E+00  0.419652E-01
 0.137119E+00  0.218007E+00  0.223756E-01
 0.137728E+00  0.207865E+00  0.163485E-01
 0.138336E+00  0.203427E+00  0.181449E-01
 0.138944E+00  0.218170E+00  0.158233E-01
 0.139552E+00  0.204620E+00  0.176562E-01
 0.140160E+00  0.212469E+00  0.218025E-01
 0.140768E+00  0.207746E+00  0.194520E-01
 0.141376E+00  0.224095E+00  0.181183E-01
 0.141984E+00  0.191207E+00  0.176711E-01
 0.142592E+00  0.190449E+00  0.161220E-01
 0.143200E+00  0.189617E+00  0.158202E-01
 0.143808E+00  0.183496E+00  0.195348E-01
 0.144416E+00  0.177067E+00  0.175755E-01
 0.145024E+00  0.186988E+00  0.170611E-01
 0.145632E+00  0.200099E+00  0.156474E-01
 0.146240E+00  0.188735E+00  0.154022E-01
 0.146848E+00  0.160988E+00  0.158696E-01
 0.147456E+00  0.167895E+00  0.157728E-01
 0.148064E+00  0.150488E+00  0.153938E-01
 0.148672E+00  0.147351E+00  0.160363E-01
 0.149280E+00  0.147446E+00  0.158262E-01
 0.149888E+00  0.153411E+00  0.150972E-01
 0.150496E+00  0.147639E+00  0.151627E-01
 0.151104E+00  0.161550E+00  0.147600E-01
 0.151712E+00  0.155461E+00  0.156567E-01
 0.152320E+00  0.161814E+00  0.148744E-01
 0.152928E+00  0.155902E+00  0.142520E-01
 0.153537E+00  0.150122E+00  0.147023E-01
 0.154145E+00  0.145675E+00  0.140080E-01
 0.154753E+00  0.143974E+00  0.139321E-01
 0.155361E+00  0.153759E+00  0.136314E-01
 0.155969E+00  0.148747E+00  0.131410E-01
 0.156577E+00  0.150748E+00  0.134648E-01
 0.157185E+00  0.135931E+00  0.140506E-01
 0.157793E+00  0.137058E+00  0.146240E-01
 0.158401E+00  0.121882E+00  0.150686E-01
 0.159009E+00  0.111181E+00  0.142082E-01
 0.159617E+00  0.134411E+00  0.143898E-01
 0.160225E+00  0.131635E+00  0.136860E-01
 0.160833E+00  0.146979E+00  0.141094E-01
 0.161441E+00  0.124761E+00  0.139237E-01
 0.162049E+00  0.124405E+00  0.137424E-01
 0.162657E+00  0.126788E+00  0.135286E-01
 0.163265E+00  0.129085E+00  0.138249E-01
 0.163873E+00  0.123585E+00  0.137238E-01
 0.164481E+00  0.133321E+00  0.137127E-01
 0.165089E+00  0.119106E+00  0.132145E-01
 0.165697E+00  0.110321E+00  0.136263E-01
 0.166305E+00  0.128548E+00  0.138623E-01
 0.166913E+00  0.128957E+00  0.140842E-01
 0.167521E+00  0.143688E+00  0.142503E-01
 0.168129E+00  0.145866E+00  0.138207E-01
 0.168737E+00  0.155335E+00  0.140500E-01
 0.169345E+00  0.149662E+00  0.144335E-01
 0.169953E+00  0.150609E+00  0.145435E-01
 0.170561E+00  0.142868E+00  0.141071E-01
 0.171169E+00  0.133620E+00  0.140292E-01
 0.171777E+00  0.124567E+00  0.133848E-01
 0.172385E+00  0.146710E+00  0.141189E-01
 0.172993E+00  0.131917E+00  0.135668E-01
 0.173601E+00  0.114527E+00  0.140588E-01
 0.174209E+00  0.101550E+00  0.135002E-01
 0.174817E+00  0.117244E+00  0.141197E-01
 0.175425E+00  0.122818E+00  0.134949E-01
 0.176033E+00  0.132587E+00  0.137016E-01
 0.176641E+00  0.134878E+00  0.141681E-01
 0.177250E+00  0.119619E+00  0.136208E-01
 0.177858E+00  0.111308E+00  0.139702E-01
 0.178466E+00  0.108397E+00  0.138488E-01
 0.179074E+00  0.126037E+00  0.129346E-01
 0.179682E+00  0.133469E+00  0.135504E-01
 0.180290E+00  0.139772E+00  0.141025E-01
 0.180898E+00  0.138732E+00  0.136826E-01
 0.181506E+00  0.127319E+00  0.133980E-01
 0.182114E+00  0.119151E+00  0.133181E-01
 0.182722E+00  0.120748E+00  0.137034E-01
 0.183330E+00  0.129393E+00  0.136441E-01
 0.183938E+00  0.142459E+00  0.134959E-01
 0.184546E+00  0.139901E+00  0.133828E-01
 0.185154E+00  0.143702E+00  0.149416E-01
 0.185762E+00  0.125517E+00  0.134540E-01
 0.186370E+00  0.140041E+00  0.133851E-01
 0.186978E+00  0.140389E+00  0.134230E-01
 0.187586E+00  0.134666E+00  0.168829E-01
 0.188194E+00  0.115724E+00  0.283746E-01
 0.188802E+00  0.128935E+00  0.183954E-01
 0.189410E+00  0.134899E+00  0.169884E-01
 0.190018E+00  0.145787E+00  0.140278E-01
 0.190626E+00  0.155953E+00  0.126624E-01
 0.191234E+00  0.161525E+00  0.122846E-01
 0.191842E+00  0.138449E+00  0.124464E-01
 0.192450E+00  0.134789E+00  0.124421E-01
 0.193058E+00  0.129058E+00  0.129197E-01
 0.193666E+00  0.106746E+00  0.127159E-01
 0.194274E+00  0.113750E+00  0.125875E-01
 0.194882E+00  0.101664E+00  0.126244E-01
 0.195490E+00  0.116680E+00  0.124065E-01
 0.196098E+00  0.120925E+00  0.126186E-01
 0.196706E+00  0.121792E+00  0.124740E-01
 0.197314E+00  0.119139E+00  0.122005E-01
 0.197922E+00  0.138285E+00  0.130925E-01
 0.198530E+00  0.137050E+00  0.130580E-01
 0.199138E+00  0.121223E+00  0.129291E-01
 0.199746E+00  0.152452E+00  0.126129E-01
 0.200354E+00  0.154981E+00  0.124626E-01
 0.200962E+00  0.150489E+00  0.119366E-01
 0.201570E+00  0.137946E+00  0.122841E-01
 0.202178E+00  0.147754E+00  0.122093E-01
 0.202786E+00  0.148879E+00  0.124768E-01
 0.203394E+00  0.147807E+00  0.128896E-01
 0.204002E+00  0.152132E+00  0.131649E-01
 0.204610E+00  0.159859E+00  0.127487E-01
 0.205218E+00  0.154358E+00  0.123574E-01
 0.205826E+00  0.154976E+00  0.123582E-01
 0.206434E+00  0.139660E+00  0.120906E-01
 0.207042E+00  0.128622E+00  0.120365E-01
 0.207650E+00  0.120703E+00  0.125421E-01
 0.208258E+00  0.117510E+00  0.126037E-01
 0.208866E+00  0.126914E+00  0.127993E-01
 0.209474E+00  0.137586E+00  0.130428E-01
 0.210082E+00  0.125012E+00  0.128770E-01
 0.210690E+00  0.125688E+00  0.127200E-01
 0.211298E+00  0.117230E+00  0.120035E-01
 0.211906E+00  0.119524E+00  0.119910E-01
 0.212514E+00  0.111463E+00  0.119601E-01
 0.213122E+00  0.114546E+00  0.124484E-01
 0.213730E+00  0.102907E+00  0.128910E-01
 0.214338E+00  0.108951E+00  0.131486E-01
 0.214946E+00  0.127393E+00  0.128032E-01
 0.215554E+00  0.129818E+00  0.128677E-01
 0.216162E+00  0.138724E+00  0.127519E-01
 0.216770E+00  0.129439E+00  0.122165E-01
 0.217378E+00  0.125021E+00  0.123620E-01
 0.217986E+00  0.116249E+00  0.124572E-01
 0.218594E+00  0.128473E+00  0.123263E-01
 0.219202E+00  0.122795E+00  0.123053E-01
 0.219810E+00  0.120445E+00  0.120623E-01
 0.220418E+00  0.112977E+00  0.119769E-01
 0.221025E+00  0.116207E+00  0.118795E-01
 0.221633E+00  0.111430E+00  0.118260E-01
 0.222241E+00  0.129326E+00  0.119065E-01
 0.222849E+00  0.125554E+00  0.112322E-01
 0.223457E+00  0.115768E+00  0.115090E-01
 0.224065E+00  0.118461E+00  0.114971E-01
 0.224673E+00  0.120133E+00  0.114745E-01
 0.225281E+00  0.116261E+00  0.116251E-01
 0.225889E+00  0.112237E+00  0.112988E-01
 0.226497E+00  0.132343E+00  0.117611E-01
 0.227105E+00  0.113677E+00  0.121554E-01
 0.227713E+00  0.120815E+00  0.111360E-01
 0.228321E+00  0.107132E+00  0.114669E-01
 0.228929E+00  0.107026E+00  0.114467E-01
 0.229537E+00  0.123405E+00  0.112322E-01
 0.230145E+00  0.122091E+00  0.112859E-01
 0.230753E+00  0.125139E+00  0.116831E-01
 0.231361E+00  0.122775E+00  0.117110E-01
 0.231969E+00  0.113926E+00  0.113381E-01
 0.232577E+00  0.119918E+00  0.113852E-01
 0.233185E+00  0.121534E+00  0.112360E-01
 0.233793E+00  0.136722E+00  0.113280E-01
 0.234401E+00  0.130743E+00  0.115369E-01
 0.235009E+00  0.130423E+00  0.124104E-01
 0.235617E+00  0.127805E+00  0.113809E-01
 0.236225E+00  0.139213E+00  0.112065E-01
 0.236833E+00  0.124292E+00  0.110014E-01
 0.237441E+00  0.113002E+00  0.112050E-01
 0.238049E+00  0.128594E+00  0.110991E-01
 0.238657E+00  0.110514E+00  0.110752E-01
 0.239265E+00  0.918232E-01  0.112313E-01
 0.239873E+00  0.104096E+00  0.116531E-01
 0.240481E+00  0.105290E+00  0.111381E-01
 0.241089E+00  0.116011E+00  0.114330E-01
 0.241697E+00  0.107629E+00  0.120851E-01
 0.242304E+00  0.110728E+00  0.109345E-01
 0.242912E+00  0.114226E+00  0.106814E-01
 0.243520E+00  0.103441E+00  0.113423E-01
 0.244128E+00  0.111440E+00  0.111587E-01
 0.244736E+00  0.103498E+00  0.110420E-01
 0.245344E+00  0.109047E+00  0.110985E-01
 0.245952E+00  0.102462E+00  0.112645E-01
 0.246560E+00  0.106380E+00  0.113351E-01
 0.247168E+00  0.111142E+00  0.111218E-01
 0.247776E+00  0.105963E+00  0.110633E-01
 0.248384E+00  0.995285E-01  0.125854E-01
 0.248992E+00  0.965167E-01  0.141274E-01
 0.249600E+00  0.976810E-01  0.258145E-01
 0.250208E+00  0.966894E-01  0.305890E-01
 0.250816E+00  0.925232E-01  0.163072E-01
 0.251424E+00  0.983477E-01  0.135200E-01
 0.252032E+00  0.103398E+00  0.113462E-01
 0.252640E+00  0.105393E+00  0.110473E-01
 0.253248E+00  0.994066E-01  0.108434E-01
 0.253856E+00  0.877645E-01  0.111862E-01
 0.254464E+00  0.933381E-01  0.127454E-01
 0.255072E+00  0.110828E+00  0.113387E-01
 0.255679E+00  0.979514E-01  0.109842E-01
 0.256287E+00  0.884813E-01  0.109073E-01
 0.256895E+00  0.794748E-01  0.109378E-01
 0.257503E+00  0.776803E-01  0.112065E-01
 0.258111E+00  0.100005E+00  0.111994E-01
 0.258719E+00  0.923707E-01  0.107528E-01
 0.259327E+00  0.106201E+00  0.108093E-01
 0.259935E+00  0.104330E+00  0.111163E-01
 0.260543E+00  0.882469E-01  0.106374E-01
 0.261151E+00  0.830673E-01  0.104699E-01
 0.261759E+00  0.853548E-01  0.105328E-01
 0.262367E+00  0.103298E+00  0.105584E-01
 0.262975E+00  0.103262E+00  0.110435E-01
 0.263583E+00  0.964014E-01  0.108660E-01
 0.264191E+00  0.891162E-01  0.109270E-01
 0.264799E+00  0.986422E-01  0.110378E-01
 0.265407E+00  0.101632E+00  0.104582E-01
 0.266014E+00  0.109520E+00  0.102401E-01
 0.266622E+00  0.105474E+00  0.101930E-01
 0.267230E+00  0.100989E+00  0.104766E-01
 0.267838E+00  0.107123E+00  0.103825E-01
 0.268446E+00  0.970302E-01  0.106359E-01
 0.269054E+00  0.109086E+00  0.107808E-01
 0.269662E+00  0.104056E+00  0.109249E-01
 0.270270E+00  0.101437E+00  0.107101E-01
 0.270878E+00  0.985367E-01  0.109381E-01
 0.271486E+00  0.946848E-01  0.103970E-01
 0.272094E+00  0.991078E-01  0.101708E-01
 0.272702E+00  0.933316E-01  0.103898E-01
 0.273310E+00  0.104423E+00  0.104517E-01
 0.273918E+00  0.122247E+00  0.103645E-01
 0.274526E+00  0.941923E-01  0.113017E-01
 0.275133E+00  0.924524E-01  0.143150E-01
 0.275741E+00  0.893714E-01  0.128062E-01
 0.276349E+00  0.931012E-01  0.108031E-01
 0.276957E+00  0.987978E-01  0.101844E-01
 0.277565E+00  0.108751E+00  0.108335E-01
 0.278173E+00  0.111999E+00  0.107513E-01
 0.278781E+00  0.113676E+00  0.105329E-01
 0.279389E+00  0.112242E+00  0.111460E-01
 0.279997E+00  0.115180E+00  0.190042E-01
 0.280605E+00  0.103034E+00  0.397855E-01
 0.281213E+00  0.106820E+00  0.218346E-01
 0.281821E+00  0.108926E+00  0.144843E-01
 0.282429E+00  0.105306E+00  0.110274E-01
 0.283036E+00  0.102008E+00  0.102711E-01
 0.283644E+00  0.109290E+00  0.102229E-01
 0.284252E+00  0.123116E+00  0.104812E-01
 0.284860E+00  0.108526E+00  0.117562E-01
 0.285468E+00  0.110532E+00  0.201688E-01
 0.286076E+00  0.100714E+00  0.251518E-01
 0.286684E+00  0.961948E-01  0.134268E-01
 0.287292E+00  0.835612E-01  0.994759E-02
 0.287900E+00  0.880861E-01  0.105893E-01
 0.288508E+00  0.859353E-01  0.108683E-01
 0.289116E+00  0.931666E-01  0.126377E-01
 0.289723E+00  0.103208E+00  0.211323E-01
 0.290331E+00  0.103302E+00  0.128533E-01
 0.290939E+00  0.106879E+00  0.994425E-02
 0.291547E+00  0.987681E-01  0.111636E-01
 0.292155E+00  0.967950E-01  0.179120E-01
 0.292763E+00  0.967048E-01  0.113009E-01
 0.293371E+00  0.105387E+00  0.116278E-01
 0.293979E+00  0.998041E-01  0.199669E-01
 0.294587E+00  0.973803E-01  0.119017E-01
 0.295195E+00  0.100236E+00  0.919532E-02
 0.295803E+00  0.998005E-01  0.945719E-02
 0.296410E+00  0.103994E+00  0.969518E-02
 0.297018E+00  0.115080E+00  0.961503E-02
 0.297626E+00  0.972210E-01  0.939136E-02
 0.298234E+00  0.977270E-01  0.948972E-02
 0.298842E+00  0.978284E-01  0.909077E-02
 0.299450E+00  0.862747E-01  0.936254E-02
 0.300058E+00  0.926864E-01  0.947699E-02
 0.300666E+00  0.887781E-01  0.967085E-02
 0.301274E+00  0.736469E-01  0.962212E-02
 0.301881E+00  0.838760E-01  0.998746E-02
 0.302489E+00  0.810174E-01  0.926152E-02
 0.303097E+00  0.854272E-01  0.925570E-02
 0.303705E+00  0.879356E-01  0.921130E-02
 0.304313E+00  0.849826E-01  0.901864E-02
 0.304921E+00  0.910893E-01  0.896486E-02
 0.305529E+00  0.873414E-01  0.900232E-02
 0.306137E+00  0.103395E+00  0.906544E-02
 0.306745E+00  0.959451E-01  0.917001E-02
 0.307353E+00  0.983672E-01  0.926786E-02
 0.307960E+00  0.922315E-01  0.125605E-01
 0.308568E+00  0.973931E-01  0.773088E-02
 0.309176E+00  0.972366E-01  0.780758E-02
 0.309784E+00  0.101789E+00  0.799413E-02
 0.310392E+00  0.987427E-01  0.912097E-02
 0.311000E+00  0.921163E-01  0.863703E-02
 0.311608E+00  0.983058E-01  0.810812E-02
 0.312216E+00  0.957161E-01  0.814971E-02
 0.312823E+00  0.887773E-01  0.801348E-02
 0.313431E+00  0.901592E-01  0.789917E-02
 0.314039E+00  0.909498E-01  0.851350E-02
 0.314647E+00  0.753691E-01  0.900731E-02
 0.315255E+00  0.812744E-01  0.943634E-02
 0.315863E+00  0.752580E-01  0.985560E-02
 0.316471E+00  0.931513E-01  0.101431E-01
 0.317079E+00  0.912962E-01  0.106978E-01
 0.317686E+00  0.107998E+00  0.121132E-01
 0.318294E+00  0.111063E+00  0.130743E-01
 0.318902E+00  0.110822E+00  0.147191E-01
 0.319510E+00  0.923829E-01  0.183281E-01
---------Y:\Desktop\SAXS\LBL_1220_2009\dat\p1_D2_2.mccd.dat-------------------
---------Y:\Desktop\SAXS\LBL_1220_2009\dat\p1_D3_1.mccd.dat-------------------
---------Y:\Desktop\SAXS\LBL_1220_2009\dat\p1_D6_1.mccd.dat-------------------
---------Y:\Desktop\SAXS\LBL_1220_2009\dat\p1_D7_1.mccd.dat-------------------
---------Y:\Desktop\SAXS\LBL_1220_2009\dat\p1_D10_1.mccd.dat-------------------
