0.010642 2.124198 0.105594
0.011250 2.040745 0.105236
0.011858 1.601397 0.145931
0.012467 1.746846 0.157112
0.013075 1.761884 0.131134
0.013683 1.711508 0.107259
0.014291 1.942072 0.156239
0.014899 1.876168 0.095821
0.015507 1.957074 0.147330
0.016115 1.739092 0.107991
0.016724 1.875880 0.082964
0.017332 1.596929 0.085540
0.017940 1.737142 0.077112
0.018548 1.550842 0.076230
0.019156 1.538863 0.063854
0.019764 1.451555 0.055385
0.020372 1.480627 0.054294
0.020980 1.293764 0.055844
0.021589 1.491118 0.052903
0.022197 1.377487 0.051451
0.022805 1.374273 0.046435
0.023413 1.290322 0.049221
0.024021 1.297436 0.041220
0.024629 1.257377 0.027544
0.025237 1.217576 0.038636
0.025845 1.219430 0.040808
0.026454 1.177515 0.034978
0.027062 1.225646 0.043334
0.027670 1.178627 0.033293
0.028278 1.157974 0.035802
0.028886 1.170051 0.034612
0.029494 1.214434 0.028628
0.030102 1.176043 0.033308
0.030710 1.149839 0.030638
0.031319 1.070479 0.025420
0.031927 1.123068 0.026686
0.032535 1.093007 0.035145
0.033143 1.109094 0.030436
0.033751 1.089998 0.034446
0.034359 1.056766 0.033212
0.034967 1.135330 0.032583
0.035575 1.045182 0.029422
0.036184 1.048902 0.031973
0.036792 1.040802 0.032617
0.037400 1.038212 0.029392
0.038008 1.025598 0.026864
0.038616 0.960696 0.022943
0.039224 0.918801 0.028282
0.039832 0.910086 0.025640
0.040440 0.993748 0.028597
0.041049 0.922574 0.025299
0.041657 0.921658 0.024812
0.042265 0.921172 0.024017
0.042873 0.910905 0.026919
0.043481 0.945423 0.025477
0.044089 0.914948 0.022758
0.044697 0.894664 0.022838
0.045305 0.898959 0.023184
0.045914 0.845989 0.021159
0.046522 0.868789 0.022369
0.047130 0.849027 0.021317
0.047738 0.841422 0.020761
0.048346 0.843561 0.023911
0.048954 0.836602 0.020062
0.049562 0.834953 0.022258
0.050170 0.800406 0.020807
0.050779 0.761994 0.023007
0.051387 0.766066 0.020948
0.051995 0.787452 0.023151
0.052603 0.750893 0.020042
0.053211 0.762889 0.017273
0.053819 0.770713 0.021300
0.054427 0.723842 0.017482
0.055035 0.743979 0.018944
0.055644 0.713510 0.019313
0.056252 0.692003 0.019019
0.056860 0.666256 0.018653
0.057468 0.704611 0.017420
0.058076 0.684927 0.019435
0.058684 0.648638 0.021225
0.059292 0.706676 0.019657
0.059900 0.660884 0.020954
0.060508 0.651346 0.020950
0.061117 0.654098 0.021655
0.061725 0.607414 0.021366
0.062333 0.632731 0.019108
0.062941 0.621611 0.018216
0.063549 0.578640 0.018497
0.064157 0.567381 0.021079
0.064765 0.573548 0.018212
0.065373 0.578775 0.017861
0.065982 0.543413 0.018523
0.066590 0.538582 0.019889
0.067198 0.509258 0.019515
0.067806 0.524148 0.019905
0.068414 0.493069 0.030479
0.069022 0.504472 0.019870
0.069630 0.484408 0.017952
0.070238 0.492111 0.017641
0.070847 0.496303 0.015127
0.071455 0.498091 0.016861
0.072063 0.498691 0.017026
0.072671 0.507014 0.016714
0.073279 0.475960 0.014633
0.073887 0.477322 0.015730
0.074495 0.454478 0.013875
0.075103 0.449966 0.012405
0.075711 0.451701 0.015509
0.076320 0.443974 0.015096
0.076928 0.436804 0.016129
0.077536 0.477284 0.013489
0.078144 0.442304 0.014293
0.078752 0.440619 0.013699
0.079360 0.407361 0.014991
0.079968 0.399328 0.015302
0.080576 0.366654 0.013545
0.081184 0.344767 0.013911
0.081793 0.359425 0.014601
0.082401 0.362151 0.015251
0.083009 0.369985 0.014489
0.083617 0.337715 0.015116
0.084225 0.334485 0.014525
0.084833 0.315460 0.013554
0.085441 0.307406 0.013580
0.086049 0.311647 0.013820
0.086658 0.295073 0.014801
0.087266 0.332765 0.015235
0.087874 0.291015 0.013032
0.088482 0.309458 0.014596
0.089090 0.312123 0.014187
0.089698 0.318642 0.013696
0.090306 0.281518 0.015970
0.090914 0.275508 0.015363
0.091522 0.235272 0.014488
0.092131 0.251265 0.015038
0.092739 0.239399 0.015639
0.093347 0.264971 0.015359
0.093955 0.237264 0.013410
0.094563 0.246679 0.013654
0.095171 0.241949 0.014142
0.095779 0.222183 0.013262
0.096387 0.212492 0.013842
0.096995 0.232497 0.014294
0.097604 0.224009 0.014921
0.098212 0.228441 0.013322
0.098820 0.230800 0.012986
0.099428 0.204450 0.013729
0.100036 0.199139 0.013315
0.100644 0.176270 0.013627
0.101252 0.200823 0.011680
0.101860 0.169188 0.013839
0.102468 0.196932 0.012531
0.103076 0.160638 0.013097
0.103685 0.183322 0.013140
0.104293 0.186039 0.015109
0.104901 0.154237 0.012206
0.105509 0.180581 0.012040
0.106117 0.141980 0.012948
0.106725 0.175119 0.012188
0.107333 0.147493 0.012874
0.107941 0.162515 0.012569
0.108549 0.147218 0.012032
0.109158 0.169461 0.011573
0.109766 0.141968 0.011021
0.110374 0.123636 0.011431
0.110982 0.130355 0.013213
0.111590 0.120044 0.011356
0.112198 0.133656 0.012907
0.112806 0.104017 0.011177
0.113414 0.125948 0.011910
0.114022 0.107056 0.011855
0.114630 0.129280 0.012815
0.115239 0.082401 0.011298
0.115847 0.115812 0.012351
0.116455 0.101104 0.011419
0.117063 0.108401 0.013361
0.117671 0.090950 0.012233
0.118279 0.091379 0.012132
0.118887 0.074149 0.011951
0.119495 0.099381 0.012332
0.120103 0.098919 0.012542
0.120711 0.082167 0.011250
0.121320 0.107698 0.012022
0.121928 0.083094 0.011414
0.122536 0.084601 0.012216
0.123144 0.084843 0.011545
0.123752 0.085033 0.012514
0.124360 0.079805 0.011553
0.124968 0.069199 0.011914
0.125576 0.074928 0.011121
0.126184 0.048741 0.011195
0.126792 0.051938 0.010928
0.127401 0.047438 0.011017
0.128009 0.063206 0.010910
0.128617 0.058011 0.010933
0.129225 0.058179 0.011166
0.129833 0.065206 0.010516
0.130441 0.054219 0.012167
0.131049 0.069155 0.011702
0.131657 0.062812 0.011890
0.132265 0.074111 0.011413
0.132873 0.054375 0.011651
0.133481 0.049629 0.011421
0.134090 0.032245 0.011322
0.134698 0.029574 0.011578
0.135306 0.059145 0.010830
0.135914 0.065496 0.010532
0.136522 0.051052 0.010568
0.137130 0.049576 0.011129
0.137738 0.041759 0.011034
0.138346 0.037012 0.010551
0.138954 0.057039 0.010933
0.139562 0.029658 0.010844
0.140170 0.046991 0.011463
0.140779 0.028349 0.012370
0.141387 0.032200 0.010844
0.141995 0.044193 0.010117
0.142603 0.053371 0.011125
0.143211 0.033976 0.010419
0.143819 0.043850 0.011802
0.144427 0.020554 0.010732
0.145035 0.037417 0.011299
0.145643 0.011631 0.010445
0.146251 0.010105 0.011166
0.146859 0.012716 0.011112
0.147467 0.035000 0.010440
0.148076 0.018188 0.009265
0.148684 0.041972 0.010524
0.149292 0.002874 0.009356
0.149900 0.029621 0.010156
0.150508 0.008996 0.009845
0.151724 0.014970 0.010665
0.152940 0.030567 0.010047
0.153548 0.020396 0.011038
0.154156 0.010549 0.009739
0.154764 0.024445 0.010110
0.155372 0.030412 0.052521
0.155981 0.027192 0.013665
0.156589 0.032668 0.014141
0.157197 0.013201 0.012198
0.158413 0.001576 0.009854
0.159021 0.005459 0.013326
0.159629 0.002754 0.021515
0.160237 0.017689 0.012351
0.160845 0.007803 0.024805
0.161453 0.028759 0.015823
0.162061 0.015470 0.008939
0.162669 0.022435 0.009407
0.163277 0.000735 0.009747
0.163886 0.012730 0.009032
0.165102 0.014578 0.009713
0.165710 0.020158 0.009338
0.166318 0.006021 0.009970
0.166926 0.024168 0.009587
0.167534 0.000432 0.008914
0.170574 0.019950 0.009547
0.171182 0.019460 0.008778
0.171790 0.001027 0.009434
0.173007 0.012418 0.008849
0.173615 0.027976 0.009723
0.174223 0.011427 0.008850
0.174831 0.019051 0.009129
0.175439 0.007576 0.009319
0.176047 0.006856 0.009183
0.176655 0.024618 0.008846
0.177871 0.019360 0.009831
0.178479 0.008678 0.010195
0.179087 0.011716 0.009709
0.179695 0.013259 0.009493
0.180911 0.001823 0.010346
0.182736 0.006324 0.009415
0.183952 0.002437 0.010010
0.184560 0.014161 0.009940
0.185168 0.004977 0.009405
0.185776 0.021426 0.009410
0.186384 0.028430 0.009688
0.186992 0.016003 0.008672
0.187600 0.023948 0.008745
0.188208 0.025082 0.009047
0.188816 0.015888 0.009469
0.189424 0.015059 0.009539
0.190032 0.008898 0.009418
0.190640 0.002849 0.008486
0.191248 0.012110 0.009107
0.191856 0.013461 0.008964
0.192465 0.006539 0.008644
0.194897 0.000788 0.008291
0.195505 0.016993 0.008745
0.196113 0.011748 0.008608
0.196721 0.007522 0.009334
0.197329 0.013156 0.009457
0.197937 0.019240 0.009208
0.198545 0.002660 0.009087
0.199153 0.017929 0.008804
0.199761 0.004412 0.008762
0.200369 0.008934 0.008796
0.200977 0.010399 0.008096
0.201585 0.002177 0.008426
0.202193 0.002013 0.008968
0.203409 0.010842 0.008608
0.204625 0.013618 0.008965
0.205842 0.010903 0.009459
0.207058 0.010448 0.008505
0.207666 0.005893 0.008701
0.208882 0.013172 0.008319
0.209490 0.010228 0.008444
0.210706 0.010777 0.008570
0.211314 0.008076 0.008903
0.213138 0.003416 0.008206
0.213746 0.011753 0.008762
0.214354 0.008650 0.008098
0.214962 0.015178 0.008651
0.216178 0.000444 0.008268
0.217394 0.006417 0.008371
0.218002 0.013243 0.007952
0.218610 0.005353 0.008447
0.220434 0.000892 0.008315
0.221650 0.003773 0.008915
0.222258 0.000577 0.008439
0.222866 0.015820 0.008298
0.223474 0.009022 0.008034
0.224083 0.006958 0.008337
0.224691 0.000944 0.007745
0.227123 0.009720 0.008168
0.227731 0.002815 0.008432
0.228339 0.013757 0.008514
0.228947 0.018383 0.009224
0.229555 0.001509 0.007936
0.230163 0.012962 0.007821
0.230771 0.003460 0.007825
0.231379 0.003398 0.007674
0.231987 0.011871 0.007921
0.232595 0.007743 0.007736
0.238675 0.006190 0.021113
0.241715 0.001184 0.007395
0.244147 0.006547 0.008236
0.247795 0.003088 0.007536
0.248403 0.002009 0.007505
0.249011 0.004502 0.007755
0.256307 0.011983 0.007691
0.256915 0.013935 0.007772
0.262995 0.010330 0.007365
0.266643 0.003517 0.007271
0.267859 0.003215 0.006769
0.270899 0.007753 0.007695
0.272115 0.006704 0.007292
0.275762 0.012745 0.007343
0.276978 0.008755 0.007455
0.277586 0.006887 0.007160
0.278194 0.001024 0.006968
0.279410 0.008149 0.007113
0.280626 0.005100 0.006682
0.285490 0.001359 0.006645
0.300081 0.001881 0.006110
0.301297 0.004312 0.006176
0.301905 0.000217 0.006171
0.304944 0.007520 0.006311
0.305552 0.009117 0.006370
0.306160 0.011651 0.006108
0.306768 0.006844 0.006195
0.307376 0.003424 0.005901
0.307984 0.003903 0.006031
0.308592 0.003369 0.006411
0.309808 0.008285 0.006268
0.310416 0.000287 0.006318
0.313455 0.004905 0.006831
0.315279 0.002514 0.008208
0.317711 0.008845 0.008938
0.318927 0.011418 0.009488
0.322574 0.002104 0.011447
0.323182 0.003205 0.011804
