0.010642 2.147904 0.554487
0.011250 2.219212 0.167109
0.011858 2.346621 0.464175
0.012467 2.717166 0.555102
0.013075 3.224872 0.340494
0.013683 1.822220 0.318889
0.014291 2.811951 0.512857
0.014899 2.750869 0.235252
0.015507 2.718301 0.281485
0.016115 3.063084 0.181493
0.016724 2.844849 0.237050
0.017332 2.575431 0.173641
0.017940 3.138737 0.191097
0.018548 2.575273 0.161545
0.019156 2.885638 0.142930
0.019764 2.832428 0.122081
0.020372 2.859835 0.113251
0.020980 2.875105 0.100267
0.021589 2.836504 0.127741
0.022197 2.845686 0.110917
0.022805 2.742307 0.099623
0.023413 2.834538 0.113734
0.024021 2.544234 0.075920
0.024629 2.704235 0.090124
0.025237 2.510233 0.084478
0.025845 2.623341 0.090961
0.026454 2.566331 0.086507
0.027062 2.686515 0.079440
0.027670 2.639325 0.071608
0.028278 2.628080 0.074574
0.028886 2.627363 0.078304
0.029494 2.600277 0.064681
0.030102 2.702016 0.079891
0.030710 2.635798 0.081531
0.031319 2.555278 0.066528
0.031927 2.537670 0.076149
0.032535 2.512083 0.074858
0.033143 2.532694 0.074094
0.033751 2.384250 0.078819
0.034359 2.379906 0.077327
0.034967 2.369817 0.065666
0.035575 2.328685 0.071025
0.036184 2.279618 0.072157
0.036792 2.402908 0.067709
0.037400 2.326235 0.070367
0.038008 2.152010 0.064211
0.038616 2.360840 0.058489
0.039224 2.285275 0.057686
0.039832 2.179511 0.061741
0.040440 2.159051 0.059268
0.041049 2.128159 0.050620
0.041657 2.051931 0.060088
0.042265 2.055674 0.057023
0.042873 2.035145 0.056642
0.043481 2.082221 0.057918
0.044089 1.964760 0.053540
0.044697 1.973719 0.057834
0.045305 1.998869 0.043226
0.045914 1.968007 0.051833
0.046522 1.997952 0.051416
0.047130 1.978069 0.052297
0.047738 2.025052 0.048206
0.048346 2.017483 0.055235
0.048954 2.046377 0.050314
0.049562 1.854015 0.057296
0.050170 1.920857 0.050826
0.050779 1.888552 0.050476
0.051387 1.848468 0.049365
0.051995 1.852484 0.050037
0.052603 1.871054 0.048639
0.053211 1.750470 0.039383
0.053819 1.842852 0.041792
0.054427 1.699327 0.045557
0.055035 1.735145 0.054493
0.055644 1.601375 0.044394
0.056252 1.611481 0.056416
0.056860 1.621742 0.046989
0.057468 1.502216 0.044346
0.058076 1.542576 0.047601
0.058684 1.605809 0.049922
0.059292 1.553848 0.047396
0.059900 1.555363 0.046190
0.060508 1.479271 0.044369
0.061117 1.530456 0.044612
0.061725 1.473187 0.040417
0.062333 1.424828 0.042561
0.062941 1.485806 0.040159
0.063549 1.374897 0.043224
0.064157 1.436669 0.049234
0.064765 1.375630 0.044170
0.065373 1.313949 0.045440
0.065982 1.338456 0.040971
0.066590 1.347101 0.045620
0.067198 1.312311 0.043896
0.067806 1.307310 0.043495
0.068414 1.326891 0.039465
0.069022 1.219845 0.039141
0.069630 1.269465 0.039991
0.070238 1.185435 0.040240
0.070847 1.251230 0.035810
0.071455 1.250944 0.035760
0.072063 1.178731 0.040373
0.072671 1.134865 0.034127
0.073279 1.070279 0.040121
0.073887 1.035036 0.036732
0.074495 1.058903 0.038880
0.075103 1.004950 0.038008
0.075711 1.047500 0.035439
0.076320 1.013339 0.030772
0.076928 0.935722 0.034013
0.077536 1.023256 0.029725
0.078144 0.965880 0.040373
0.078752 0.978184 0.033326
0.079360 0.958742 0.037556
0.079968 0.910928 0.034553
0.080576 0.899422 0.034949
0.081184 0.894315 0.032392
0.081793 0.886115 0.034530
0.082401 0.842283 0.032300
0.083009 0.890714 0.034596
0.083617 0.802156 0.033930
0.084225 0.800267 0.033902
0.084833 0.817466 0.034028
0.085441 0.761321 0.032514
0.086049 0.737165 0.032231
0.086658 0.735942 0.034891
0.087266 0.637713 0.032380
0.087874 0.740750 0.036184
0.088482 0.655899 0.035913
0.089090 0.720929 0.029826
0.089698 0.700731 0.035927
0.090306 0.690547 0.033503
0.090914 0.648847 0.033536
0.091522 0.672696 0.033281
0.092131 0.737491 0.031269
0.092739 0.645453 0.034726
0.093347 0.646664 0.031021
0.093955 0.651236 0.032006
0.094563 0.597238 0.031910
0.095171 0.606255 0.030544
0.095779 0.568703 0.032161
0.096387 0.574444 0.031362
0.096995 0.496111 0.032523
0.097604 0.535875 0.037595
0.098212 0.567476 0.045984
0.098820 0.510584 0.031839
0.099428 0.463281 0.034670
0.100036 0.506472 0.030528
0.100644 0.517425 0.033177
0.101252 0.529310 0.029770
0.101860 0.484613 0.032575
0.102468 0.447354 0.030515
0.103076 0.463647 0.029599
0.103685 0.458511 0.038977
0.104293 0.470545 0.030339
0.104901 0.438883 0.027636
0.105509 0.456105 0.028485
0.106117 0.449996 0.028331
0.106725 0.400423 0.029257
0.107333 0.374828 0.027517
0.107941 0.360393 0.029084
0.108549 0.363814 0.030423
0.109158 0.340231 0.027396
0.109766 0.316032 0.035230
0.110374 0.362649 0.027591
0.110982 0.390123 0.027492
0.111590 0.352985 0.027885
0.112198 0.321063 0.031282
0.112806 0.338727 0.028893
0.113414 0.264998 0.027319
0.114022 0.304254 0.026748
0.114630 0.309313 0.029670
0.115239 0.304469 0.026743
0.115847 0.253107 0.026699
0.116455 0.271307 0.027222
0.117063 0.269412 0.027246
0.117671 0.216637 0.029399
0.118279 0.255517 0.034916
0.118887 0.234344 0.027591
0.119495 0.298277 0.032770
0.120103 0.231296 0.030164
0.120711 0.241300 0.027848
0.121320 0.204698 0.031654
0.121928 0.212363 0.025507
0.122536 0.211961 0.025290
0.123144 0.238858 0.025280
0.123752 0.172740 0.026342
0.124360 0.205232 0.025198
0.124968 0.229884 0.028655
0.125576 0.174524 0.024896
0.126184 0.157640 0.027085
0.126792 0.162837 0.027875
0.127401 0.169997 0.025615
0.128009 0.131387 0.027246
0.128617 0.174413 0.026442
0.129225 0.145533 0.023880
0.129833 0.165625 0.024559
0.130441 0.168866 0.027655
0.131049 0.173629 0.025048
0.131657 0.116182 0.026225
0.132265 0.143980 0.026656
0.132873 0.167455 0.028276
0.133481 0.160812 0.026538
0.134090 0.139139 0.025929
0.134698 0.148937 0.026175
0.135306 0.109624 0.026574
0.135914 0.139043 0.026254
0.136522 0.144694 0.024470
0.137130 0.165814 0.023830
0.137738 0.137384 0.024028
0.138346 0.091420 0.025858
0.138954 0.099691 0.025607
0.139562 0.145283 0.025287
0.140170 0.103107 0.024245
0.140779 0.130845 0.024112
0.141387 0.121354 0.033613
0.141995 0.163443 0.026274
0.142603 0.109534 0.025502
0.143211 0.129849 0.025738
0.143819 0.105427 0.024624
0.144427 0.110979 0.023690
0.145035 0.111798 0.025233
0.145643 0.093323 0.022794
0.146251 0.044897 0.026451
0.146859 0.073778 0.023469
0.147467 0.044899 0.024628
0.148076 0.121534 0.024746
0.148684 0.111577 0.024708
0.149292 0.077900 0.024456
0.149900 0.121735 0.024606
0.150508 0.077913 0.023969
0.151116 0.130213 0.021676
0.151724 0.114600 0.024357
0.152332 0.078560 0.025813
0.152940 0.047181 0.022247
0.153548 0.076608 0.028308
0.154156 0.075685 0.028013
0.154764 0.069099 0.022704
0.155372 0.056866 0.022712
0.155981 0.059249 0.023548
0.156589 0.075596 0.025000
0.157197 0.050933 0.021137
0.157805 0.088838 0.024439
0.158413 0.078109 0.020095
0.159021 0.107611 0.021939
0.159629 0.086345 0.020903
0.160237 0.096118 0.022047
0.160845 0.044397 0.023925
0.161453 0.065388 0.035130
0.162061 0.081699 0.032931
0.162669 0.055647 0.077236
0.163277 0.094730 0.063865
0.163886 0.072481 0.027245
0.164494 0.040523 0.022781
0.165102 0.032801 0.021953
0.165710 0.071981 0.022850
0.166318 0.076622 0.021218
0.166926 0.051470 0.022467
0.167534 0.062985 0.021018
0.168142 0.053563 0.020394
0.168750 0.088662 0.021418
0.169358 0.089580 0.020971
0.169966 0.063270 0.020753
0.170574 0.086183 0.022369
0.171182 0.065681 0.020447
0.171790 0.109619 0.021493
0.172399 0.079148 0.021536
0.173007 0.103894 0.021737
0.173615 0.070857 0.019956
0.174223 0.026283 0.022269
0.174831 0.038948 0.020865
0.175439 0.049415 0.020426
0.176047 0.057293 0.021211
0.176655 0.066795 0.019626
0.177263 0.041470 0.022994
0.177871 0.078167 0.026595
0.178479 0.035016 0.020670
0.179087 0.067610 0.020128
0.179695 0.083524 0.022225
0.180303 0.041982 0.021225
0.180911 0.079356 0.022273
0.181519 0.106830 0.020792
0.182128 0.080431 0.021008
0.182736 0.077756 0.021381
0.183344 0.016860 0.021878
0.183952 0.039203 0.020922
0.184560 0.024338 0.020876
0.185168 0.033250 0.022021
0.185776 0.072737 0.021402
0.186384 0.049080 0.020799
0.186992 0.089654 0.019591
0.187600 0.113560 0.020364
0.188208 0.071127 0.020413
0.188816 0.075473 0.020306
0.189424 0.058204 0.019343
0.190032 0.070035 0.021030
0.190640 0.032250 0.019291
0.191248 0.044992 0.021494
0.191856 0.063707 0.021204
0.192465 0.056979 0.019195
0.193073 0.052075 0.020941
0.193681 0.074034 0.019607
0.194289 0.057705 0.021093
0.194897 0.002289 0.019488
0.195505 0.077798 0.021993
0.196113 0.002863 0.020046
0.196721 0.044105 0.020788
0.197329 0.013899 0.020551
0.198545 0.023296 0.019752
0.199153 0.033513 0.021821
0.199761 0.031974 0.020061
0.200369 0.033448 0.020066
0.200977 0.011298 0.020443
0.201585 0.023775 0.019171
0.202193 0.036792 0.019895
0.202801 0.046898 0.018309
0.203409 0.030711 0.018820
0.204017 0.044555 0.018948
0.204625 0.057862 0.020438
0.205233 0.052386 0.029447
0.205842 0.041890 0.020850
0.206450 0.041212 0.022615
0.207058 0.072142 0.021547
0.207666 0.064420 0.019760
0.208274 0.043811 0.019309
0.208882 0.043123 0.019503
0.209490 0.041827 0.019992
0.210098 0.021689 0.018228
0.210706 0.038642 0.018906
0.211314 0.033540 0.020219
0.211922 0.063105 0.018285
0.212530 0.028387 0.019425
0.213138 0.017824 0.019448
0.213746 0.043723 0.022220
0.214354 0.005302 0.018669
0.214962 0.014397 0.033328
0.215570 0.046250 0.025282
0.216178 0.028430 0.018144
0.216786 0.060665 0.019012
0.217394 0.036260 0.019358
0.218002 0.063575 0.017285
0.218610 0.048310 0.018850
0.219218 0.025489 0.018165
0.219826 0.040473 0.019250
0.220434 0.045444 0.018974
0.221042 0.035042 0.017136
0.221650 0.032763 0.018992
0.222258 0.050868 0.018593
0.222866 0.031174 0.031119
0.223474 0.039381 0.020118
0.224083 0.054502 0.039612
0.224691 0.043237 0.022197
0.225299 0.057141 0.018503
0.226515 0.016213 0.018398
0.227123 0.024032 0.018733
0.227731 0.049651 0.019476
0.228339 0.008238 0.017904
0.228947 0.047032 0.039681
0.229555 0.052836 0.021406
0.230163 0.031628 0.018988
0.230771 0.004862 0.019109
0.231379 0.020720 0.017769
0.232595 0.040755 0.017373
0.233203 0.045955 0.018556
0.233811 0.021690 0.017613
0.234419 0.032567 0.017100
0.235027 0.031844 0.017483
0.235635 0.046328 0.018085
0.236243 0.043022 0.018111
0.236851 0.052957 0.017981
0.237459 0.054509 0.016857
0.238067 0.032293 0.017894
0.238675 0.043080 0.017884
0.239283 0.051201 0.017569
0.239891 0.038972 0.017767
0.240499 0.020759 0.017446
0.241107 0.023592 0.017645
0.241715 0.011648 0.017823
0.242323 0.005189 0.018598
0.242931 0.024585 0.017698
0.243539 0.009660 0.017476
0.244147 0.031446 0.017802
0.244755 0.031786 0.017398
0.245363 0.028484 0.016860
0.245971 0.037250 0.018519
0.246579 0.039840 0.017197
0.247187 0.062409 0.018059
0.247795 0.026850 0.017414
0.248403 0.035089 0.016717
0.249011 0.067337 0.017569
0.249619 0.019608 0.017053
0.250227 0.037135 0.032669
0.250835 0.064575 0.016164
0.251443 0.009697 0.054989
0.252051 0.056601 0.016735
0.253267 0.058712 0.016939
0.253875 0.008418 0.017971
0.254483 0.023037 0.017252
0.255091 0.020153 0.017790
0.255699 0.017573 0.016750
0.256307 0.024069 0.018885
0.257523 0.020009 0.018022
0.258739 0.036926 0.016689
0.259347 0.032993 0.016689
0.259955 0.028952 0.016633
0.260563 0.028628 0.017964
0.261171 0.039556 0.017301
0.261779 0.034999 0.018354
0.262387 0.028802 0.016761
0.262995 0.028552 0.016497
0.263603 0.008485 0.017229
0.264211 0.035536 0.016229
0.264819 0.032521 0.016758
0.265427 0.036783 0.017262
0.266035 0.037130 0.016611
0.266643 0.043739 0.016035
0.267251 0.025640 0.017237
0.267859 0.001950 0.015910
0.268467 0.034093 0.015957
0.269075 0.028260 0.016816
0.269683 0.041024 0.017056
0.270291 0.046603 0.015831
0.270899 0.016341 0.017128
0.271507 0.003733 0.016247
0.272115 0.056251 0.015792
0.272723 0.004388 0.016006
0.273331 0.062205 0.016741
0.273939 0.005125 0.016317
0.274547 0.048577 0.017083
0.275762 0.028700 0.015238
0.276370 0.003988 0.016578
0.276978 0.015384 0.016151
0.277586 0.008089 0.015833
0.278194 0.027739 0.016121
0.278802 0.042571 0.016187
0.279410 0.034283 0.015945
0.280018 0.039134 0.017554
0.280626 0.015382 0.016697
0.281234 0.023182 0.016025
0.281842 0.012321 0.016466
0.282450 0.019660 0.015482
0.283058 0.038327 0.015976
0.283666 0.009170 0.015356
0.284274 0.060072 0.015695
0.284882 0.031831 0.016062
0.285490 0.057532 0.015510
0.286098 0.023261 0.015821
0.286706 0.031134 0.015474
0.287314 0.039655 0.014826
0.287922 0.018920 0.015251
0.288530 0.059057 0.015277
0.289138 0.035056 0.015503
0.289746 0.053518 0.014225
0.290354 0.047560 0.014417
0.290962 0.047132 0.015521
0.291569 0.037249 0.014581
0.292177 0.031249 0.014872
0.292785 0.036049 0.015234
0.293393 0.012299 0.014414
0.294001 0.020612 0.015579
0.294609 0.021415 0.014018
0.295217 0.036510 0.014940
0.295825 0.050578 0.014305
0.296433 0.039005 0.014469
0.297041 0.044355 0.014090
0.297649 0.029673 0.015020
0.298257 0.009956 0.014431
0.298865 0.072283 0.020224
0.299473 0.038756 0.014399
0.300081 0.026505 0.014174
0.300689 0.020460 0.014315
0.301297 0.002996 0.014127
0.301905 0.055471 0.014164
0.302513 0.020666 0.014136
0.303120 0.047329 0.053218
0.303728 0.035658 0.014483
0.304336 0.048932 0.014021
0.304944 0.032564 0.014344
0.305552 0.042814 0.013988
0.306160 0.041517 0.015828
0.306768 0.053031 0.013900
0.307376 0.039682 0.014392
0.307984 0.046540 0.014414
0.308592 0.016415 0.014384
0.309200 0.013743 0.013350
0.309808 0.010719 0.015082
0.310416 0.015346 0.014345
0.311024 0.031845 0.014279
0.311632 0.014924 0.014408
0.312239 0.019264 0.015366
0.312847 0.009502 0.015181
0.313455 0.051548 0.015261
0.314063 0.040491 0.016646
0.314671 0.027587 0.017368
0.315279 0.013189 0.018227
0.315887 0.011437 0.017430
0.316495 0.022408 0.019043
0.317103 0.012335 0.017872
0.317711 0.011770 0.019445
0.318319 0.019152 0.019759
0.318927 0.025041 0.020196
0.319535 0.039589 0.019883
0.320750 0.083674 0.022469
0.324398 0.067025 0.037956
