0.010642 0.428251 0.158655
0.011250 0.772699 0.144736
0.011858 0.486901 0.226218
0.012467 0.257749 0.130921
0.013075 0.132418 0.284688
0.014291 0.038580 0.152172
0.014899 0.323571 0.091218
0.015507 0.217973 0.099578
0.016115 0.286698 0.097396
0.016724 0.301475 0.080398
0.017332 0.319938 0.072260
0.017940 0.298357 0.092361
0.018548 0.244832 0.072360
0.019156 0.194154 0.059787
0.019764 0.228596 0.076528
0.020372 0.197945 0.052020
0.020980 0.214752 0.057907
0.021589 0.240280 0.038085
0.022197 0.276709 0.056107
0.022805 0.184299 0.047793
0.023413 0.199243 0.049964
0.024021 0.228708 0.041541
0.024629 0.209568 0.042239
0.025237 0.200609 0.033452
0.025845 0.213967 0.036733
0.026454 0.177779 0.038154
0.027062 0.250127 0.035985
0.027670 0.185549 0.033363
0.028278 0.160776 0.028848
0.028886 0.251053 0.035842
0.029494 0.290203 0.023838
0.030102 0.254708 0.026650
0.030710 0.238255 0.028812
0.031319 0.206899 0.025596
0.031927 0.177608 0.024349
0.032535 0.197401 0.026033
0.033143 0.204504 0.028613
0.033751 0.257077 0.033192
0.034359 0.227063 0.030028
0.034967 0.232364 0.029779
0.035575 0.180889 0.030318
0.036184 0.208508 0.026770
0.036792 0.273811 0.032662
0.037400 0.247466 0.030236
0.038008 0.274954 0.027528
0.038616 0.237404 0.025925
0.039224 0.203711 0.027828
0.039832 0.233920 0.030489
0.040440 0.172288 0.026079
0.041049 0.185978 0.025775
0.041657 0.147188 0.026173
0.042265 0.144558 0.022530
0.042873 0.201054 0.024543
0.043481 0.209639 0.021406
0.044089 0.199235 0.022464
0.044697 0.171625 0.022624
0.045305 0.194297 0.020423
0.045914 0.151464 0.020596
0.046522 0.222876 0.023900
0.047130 0.184624 0.020784
0.047738 0.190038 0.020341
0.048346 0.208032 0.021500
0.048954 0.175819 0.021916
0.049562 0.182055 0.020102
0.050170 0.158180 0.021393
0.050779 0.146544 0.020742
0.051387 0.159098 0.021037
0.051995 0.177329 0.023582
0.052603 0.148761 0.021616
0.053211 0.153479 0.020202
0.053819 0.163107 0.022371
0.054427 0.125774 0.017928
0.055035 0.166114 0.021487
0.055644 0.144687 0.018106
0.056252 0.128740 0.018442
0.056860 0.128799 0.017144
0.057468 0.129408 0.019269
0.058076 0.132313 0.018040
0.058684 0.133639 0.017878
0.059292 0.161581 0.019708
0.059900 0.160417 0.019835
0.060508 0.155652 0.018864
0.061117 0.140934 0.019136
0.061725 0.140719 0.019951
0.062333 0.136929 0.016235
0.062941 0.145655 0.018734
0.063549 0.118041 0.017027
0.064157 0.125978 0.020939
0.064765 0.109054 0.018081
0.065373 0.150989 0.017843
0.065982 0.119890 0.018442
0.066590 0.156723 0.018620
0.067198 0.113262 0.017789
0.067806 0.114439 0.020929
0.068414 0.090785 0.030318
0.069022 0.066450 0.020065
0.069630 0.077836 0.017357
0.070238 0.101385 0.018184
0.070847 0.100779 0.015885
0.071455 0.129698 0.016085
0.072063 0.120043 0.017332
0.072671 0.109426 0.015475
0.073279 0.110915 0.013659
0.073887 0.110134 0.016536
0.074495 0.103565 0.015854
0.075103 0.113421 0.015208
0.075711 0.121201 0.016616
0.076320 0.107351 0.016126
0.076928 0.111171 0.018139
0.077536 0.122447 0.014801
0.078144 0.113591 0.013994
0.078752 0.108857 0.013655
0.079360 0.126042 0.014350
0.079968 0.102343 0.013799
0.080576 0.089314 0.013655
0.081184 0.094740 0.014753
0.081793 0.085705 0.013230
0.082401 0.082923 0.015181
0.083009 0.078235 0.015105
0.083617 0.053390 0.015235
0.084225 0.089009 0.013810
0.084833 0.056483 0.012980
0.085441 0.069280 0.012848
0.086049 0.052690 0.013265
0.086658 0.089719 0.015235
0.087266 0.076788 0.015105
0.087874 0.071213 0.013639
0.088482 0.089066 0.015175
0.089090 0.066320 0.014568
0.089698 0.089759 0.014474
0.090306 0.057388 0.015400
0.090914 0.071242 0.015351
0.091522 0.022072 0.015300
0.092131 0.065438 0.013962
0.092739 0.063949 0.013763
0.093347 0.085017 0.014045
0.093955 0.045907 0.013969
0.094563 0.056652 0.013988
0.095171 0.071238 0.014444
0.095779 0.066749 0.012740
0.096387 0.057014 0.013950
0.096995 0.069124 0.013611
0.097604 0.058354 0.014154
0.098212 0.025725 0.014146
0.098820 0.049950 0.013009
0.099428 0.043898 0.013188
0.100036 0.046068 0.013690
0.100644 0.056503 0.013706
0.101252 0.062347 0.013901
0.101860 0.050182 0.013740
0.102468 0.049851 0.012695
0.103076 0.038454 0.011340
0.103685 0.034370 0.012850
0.104293 0.041877 0.012656
0.104901 0.011950 0.012265
0.105509 0.043470 0.012440
0.106117 0.023823 0.012226
0.106725 0.049263 0.011728
0.107333 0.040207 0.013258
0.107941 0.037656 0.011141
0.108549 0.036992 0.012241
0.109158 0.029824 0.012229
0.109766 0.045355 0.012057
0.110374 0.030804 0.011401
0.110982 0.036319 0.012605
0.111590 0.038052 0.011436
0.112198 0.026493 0.012579
0.112806 0.004958 0.011623
0.113414 0.025768 0.012460
0.114022 0.010200 0.012827
0.114630 0.019903 0.012922
0.115239 0.010790 0.011817
0.115847 0.023249 0.012365
0.116455 0.035043 0.012465
0.117063 0.022364 0.012211
0.117671 0.051017 0.012006
0.118279 0.028356 0.011931
0.118887 0.018418 0.012314
0.119495 0.040812 0.012259
0.120103 0.020443 0.013920
0.120711 0.006271 0.010791
0.121320 0.033399 0.011554
0.121928 0.021671 0.010430
0.122536 0.021595 0.010900
0.123144 0.024444 0.011561
0.123752 0.036582 0.012610
0.124360 0.019723 0.010578
0.124968 0.018723 0.012061
0.125576 0.026197 0.010718
0.126184 0.012374 0.011363
0.126792 0.022309 0.011273
0.127401 0.013333 0.014485
0.128009 0.020476 0.028048
0.128617 0.013433 0.011963
0.130441 0.003819 0.011797
0.131049 0.009377 0.011259
0.132265 0.016464 0.011250
0.133481 0.000502 0.011232
0.135306 0.022931 0.010729
0.135914 0.022679 0.011506
0.136522 0.029105 0.011264
0.137130 0.018746 0.010810
0.137738 0.021756 0.010978
0.138346 0.007273 0.010411
0.138954 0.023097 0.010571
0.139562 0.003135 0.011195
0.140170 0.025186 0.011407
0.140779 0.009594 0.011071
0.141387 0.022841 0.010970
0.141995 0.016717 0.010255
0.142603 0.010670 0.010636
0.143211 0.017057 0.010705
0.143819 0.006029 0.010986
0.144427 0.013878 0.010646
0.145035 0.005187 0.010565
0.148076 0.010203 0.009846
0.148684 0.022506 0.010889
0.149900 0.010356 0.009868
0.150508 0.008931 0.010275
0.152940 0.021650 0.010236
0.154156 0.005955 0.010205
0.154764 0.020303 0.009554
0.155372 0.015520 0.053431
0.155981 0.015410 0.013314
0.156589 0.018490 0.013953
0.157197 0.003874 0.012251
0.159629 0.003795 0.021178
0.160845 0.011513 0.024712
0.161453 0.007246 0.015541
0.162061 0.015492 0.008609
0.162669 0.012672 0.009049
0.163277 0.000199 0.009375
0.163886 0.010723 0.008702
0.165102 0.001737 0.009589
0.165710 0.009244 0.009778
0.166926 0.014614 0.009135
0.167534 0.002974 0.009631
0.168142 0.000905 0.009798
0.170574 0.016541 0.009443
0.171182 0.025126 0.009226
0.173615 0.019855 0.009696
0.174223 0.005931 0.009666
0.174831 0.022433 0.009477
0.175439 0.016665 0.009483
0.176047 0.005528 0.010059
0.184560 0.009347 0.009312
0.185168 0.001968 0.009220
0.185776 0.013086 0.009656
0.186992 0.015323 0.009667
0.187600 0.021155 0.009739
0.188208 0.017013 0.008979
0.188816 0.021530 0.010043
0.190032 0.020085 0.009437
0.190640 0.001066 0.008699
0.191856 0.006413 0.009199
0.192465 0.006492 0.009061
0.193073 0.002677 0.009074
0.193681 0.005560 0.008855
0.194289 0.001861 0.009029
0.194897 0.001826 0.008757
0.196113 0.011178 0.008944
0.196721 0.000330 0.009437
0.197329 0.020922 0.008588
0.197937 0.017238 0.009039
0.198545 0.003251 0.008405
0.199153 0.006016 0.008812
0.199761 0.009600 0.008584
0.200369 0.031798 0.010791
0.200977 0.010910 0.008408
0.201585 0.021382 0.010020
0.202193 0.006905 0.008490
0.202801 0.015163 0.008277
0.203409 0.022270 0.008209
0.204017 0.010443 0.008714
0.204625 0.008890 0.009111
0.205842 0.003912 0.008821
0.207058 0.010032 0.008251
0.207666 0.007258 0.007984
0.208882 0.009192 0.008143
0.209490 0.008580 0.008339
0.211314 0.005306 0.008779
0.213138 0.010950 0.007887
0.213746 0.018296 0.008573
0.214354 0.006146 0.008172
0.214962 0.016581 0.008523
0.215570 0.007828 0.008427
0.216786 0.018100 0.008264
0.217394 0.006952 0.008547
0.218002 0.000494 0.007873
0.218610 0.006365 0.008550
0.222866 0.003973 0.008590
0.223474 0.004961 0.007946
0.224691 0.005805 0.007386
0.226515 0.002747 0.008360
0.227123 0.001334 0.008014
0.227731 0.008967 0.008370
0.228339 0.011268 0.007349
0.228947 0.017792 0.007924
0.229555 0.002915 0.007924
0.230163 0.009616 0.007981
0.230771 0.018512 0.007568
0.231379 0.009221 0.007703
0.231987 0.021349 0.007673
0.232595 0.006878 0.007722
0.233203 0.016629 0.008338
0.234419 0.005758 0.007749
0.236243 0.001668 0.007464
0.239283 0.009225 0.007688
0.240499 0.000785 0.008069
0.241107 0.012808 0.007791
0.241715 0.013843 0.007726
0.242323 0.004014 0.007275
0.242931 0.005428 0.007651
0.243539 0.004283 0.007511
0.244147 0.002980 0.007817
0.247795 0.006576 0.007593
0.249011 0.001126 0.008083
0.249619 0.006209 0.007601
0.250835 0.003723 0.007308
0.253267 0.010207 0.007300
0.253875 0.008933 0.011360
0.254483 0.006819 0.007996
0.255091 0.018934 0.024575
0.255699 0.005245 0.007668
0.256307 0.003319 0.012216
0.256915 0.005914 0.007666
0.257523 0.008013 0.007620
0.258131 0.016907 0.007840
0.258739 0.002527 0.006987
0.259347 0.008201 0.007522
0.259955 0.009318 0.007193
0.260563 0.000434 0.007523
0.261779 0.006590 0.007718
0.262387 0.000632 0.006759
0.262995 0.012887 0.007553
0.263603 0.003136 0.007323
0.264211 0.008691 0.007220
0.265427 0.011561 0.007408
0.266035 0.006720 0.007167
0.266643 0.007325 0.008832
0.267251 0.010448 0.006835
0.267859 0.008461 0.009163
0.268467 0.006887 0.007181
0.269075 0.004535 0.028605
0.269683 0.011898 0.007512
0.270291 0.005721 0.006902
0.270899 0.007854 0.007352
0.272115 0.011168 0.007561
0.273939 0.001688 0.006610
0.274547 0.000617 0.007554
0.275762 0.003894 0.006939
0.276370 0.004678 0.007122
0.276978 0.002703 0.007038
0.277586 0.004389 0.006905
0.278802 0.003075 0.006655
0.279410 0.010957 0.007071
0.280626 0.005431 0.007277
0.281234 0.002079 0.006993
0.283058 0.005937 0.007691
0.284274 0.010902 0.006684
0.284882 0.003318 0.007432
0.287314 0.011440 0.006900
0.289138 0.000214 0.006489
0.290962 0.003750 0.006576
0.291569 0.003188 0.006439
0.292177 0.001711 0.006391
0.292785 0.006487 0.006656
0.298257 0.002911 0.006601
0.298865 0.001492 0.006425
0.299473 0.014171 0.006513
0.300081 0.013789 0.006273
0.300689 0.002653 0.006430
0.301297 0.002669 0.006300
0.301905 0.008425 0.006218
0.302513 0.013900 0.006871
0.303120 0.000950 0.006864
0.303728 0.003826 0.006172
0.304336 0.005157 0.006496
0.304944 0.006559 0.006411
0.305552 0.014023 0.006157
0.306160 0.013083 0.006371
0.306768 0.004183 0.006131
0.307376 0.003468 0.006311
0.308592 0.010907 0.006310
0.309200 0.002806 0.006014
0.309808 0.004468 0.006234
0.310416 0.005255 0.006619
0.311632 0.008111 0.006409
0.312239 0.006100 0.006354
0.313455 0.007720 0.006515
0.314671 0.006731 0.006906
0.315279 0.009708 0.007835
0.315887 0.001285 0.007513
0.318927 0.010122 0.009554
0.319535 0.005529 0.008805
