# SAXS profile: number of points = 332, q_min = 0.018969, q_max = 0.299529, delta_q = 0.000847613293051359
# offset = 0.00000000000000, scaling c = 1.61897037527542e-06, Chi = 1.77741491134934
#  q       exp_intensity   model_intensity
0.01897    30.18340000     27.44960779    
0.01982    29.87640000     27.20777617    
0.02066    28.73540000     26.95811272    
0.02151    28.55280000     26.70084738    
0.02236    28.12690000     26.43624447    
0.02321    28.08040000     26.16457441    
0.02405    27.81750000     25.88609128    
0.02490    27.48890000     25.60019318    
0.02575    26.44090000     25.30771116    
0.02660    26.38170000     25.00941835    
0.02745    26.47050000     24.70558702    
0.02829    25.88400000     24.39650823    
0.02914    25.14670000     24.08248401    
0.02999    24.91420000     23.76371478    
0.03084    24.46240000     23.43976145    
0.03168    23.57770000     23.11192764    
0.03253    23.30910000     22.78048437    
0.03338    22.93150000     22.44571377    
0.03423    22.49330000     22.10790350    
0.03507    22.21570000     21.76736046    
0.03592    21.87050000     21.42412541    
0.03677    21.48030000     21.07860563    
0.03762    21.07450000     20.73140932    
0.03846    19.99830000     20.38278701    
0.03931    19.83040000     20.03300930    
0.04016    19.58560000     19.68234343    
0.04101    18.87330000     19.33108937    
0.04185    18.21000000     18.97951418    
0.04270    18.08860000     18.62796731    
0.04355    17.79350000     18.27679029    
0.04440    17.40680000     17.92620108    
0.04525    17.26680000     17.57644197    
0.04609    16.72610000     17.22773834    
0.04694    16.32550000     16.88048488    
0.04779    16.13450000     16.53506040    
0.04864    15.85370000     16.19147976    
0.04948    15.54490000     15.85002006    
0.05033    15.03280000     15.51084791    
0.05118    14.89910000     15.17416570    
0.05203    14.46240000     14.84014655    
0.05287    13.97760000     14.50957331    
0.05372    13.60540000     14.18223502    
0.05457    13.53410000     13.85815525    
0.05542    13.46150000     13.53756259    
0.05626    12.95240000     13.22057193    
0.05711    12.42180000     12.90733369    
0.05796    11.96710000     12.59819385    
0.05881    11.77470000     12.29374891    
0.05965    11.71830000     11.99348234    
0.06050    11.72730000     11.69747138    
0.06135    11.54380000     11.40588309    
0.06220    10.91700000     11.11877057    
0.06304    10.50040000     10.83621880    
0.06389    10.39200000     10.55901086    
0.06474    9.89531000      10.28685435    
0.06559    9.77016000      10.01948916    
0.06644    9.52827000      9.75693005     
0.06728    9.30232000      9.49928264     
0.06813    9.11312000      9.24655516     
0.06898    8.97331000      8.99893790     
0.06983    8.71293000      8.75721801     
0.07067    8.37412000      8.52048606     
0.07152    8.08662000      8.28874574     
0.07237    7.81370000      8.06197827     
0.07322    7.67090000      7.84023198     
0.07406    7.56597000      7.62345435     
0.07491    7.48115000      7.41226280     
0.07576    7.23144000      7.20644269     
0.07661    6.97666000      7.00552193     
0.07745    6.73333000      6.80945106     
0.07830    6.51714000      6.61816678     
0.07915    6.23568000      6.43167938     
0.08000    6.11365000      6.24993699     
0.08084    6.03487000      6.07386099     
0.08169    5.99279000      5.90235905     
0.08254    5.86888000      5.73537950     
0.08339    5.59751000      5.57286092     
0.08424    5.39136000      5.41471930     
0.08508    5.34551000      5.26092393     
0.08593    5.16509000      5.11179544     
0.08678    5.06139000      4.96731183     
0.08763    4.92113000      4.82688497     
0.08847    4.82789000      4.69044184     
0.08932    4.66139000      4.55790606     
0.09017    4.55944000      4.42918057     
0.09102    4.47601000      4.30420703     
0.09186    4.35054000      4.18358151     
0.09271    4.15772000      4.06657804     
0.09356    3.96191000      3.95301212     
0.09441    3.86190000      3.84280335     
0.09525    3.76871000      3.73587348     
0.09610    3.72228000      3.63212758     
0.09695    3.58011000      3.53172409     
0.09780    3.50685000      3.43475427     
0.09864    3.42162000      3.34068578     
0.09949    3.38292000      3.24942704     
0.10034    3.33839000      3.16088835     
0.10119    3.23108000      3.07497813     
0.10204    3.10903000      2.99174624     
0.10288    3.00936000      2.91131124     
0.10373    2.87628000      2.83347898     
0.10458    2.76568000      2.75786929     
0.10543    2.77509000      2.68448929     
0.10627    2.66860000      2.61335072     
0.10712    2.58680000      2.54423180     
0.10797    2.51011000      2.47730198     
0.10882    2.43497000      2.41256638     
0.10966    2.41143000      2.34969421     
0.11051    2.32015000      2.28869478     
0.11136    2.25210000      2.22936157     
0.11221    2.21082000      2.17170950     
0.11305    2.16090000      2.11574992     
0.11390    2.08035000      2.06151218     
0.11475    2.02686000      2.00894659     
0.11560    1.98689000      1.95775806     
0.11645    1.93414000      1.90796895     
0.11729    1.89928000      1.85958313     
0.11814    1.84072000      1.81243423     
0.11899    1.78506000      1.76663015     
0.11983    1.72729000      1.72221756     
0.12068    1.68206000      1.67897929     
0.12153    1.60752000      1.63691384     
0.12238    1.55977000      1.59588788     
0.12323    1.52070000      1.55592138     
0.12407    1.49863000      1.51702297     
0.12492    1.46529000      1.47918221     
0.12577    1.43610000      1.44245477     
0.12662    1.40533000      1.40660460     
0.12746    1.36805000      1.37165348     
0.12831    1.32837000      1.33762208     
0.12916    1.27966000      1.30440938     
0.13001    1.24969000      1.27206485     
0.13085    1.22428000      1.24065755     
0.13170    1.21925000      1.21004028     
0.13255    1.17476000      1.18022734     
0.13340    1.12417000      1.15112871     
0.13425    1.10267000      1.12276179     
0.13509    1.08294000      1.09514329     
0.13594    1.05848000      1.06825245     
0.13679    1.02374000      1.04216599     
0.13764    1.00933000      1.01671379     
0.13848    0.99367000      0.99191826     
0.13933    0.97942500      0.96779521     
0.14018    0.96130000      0.94427468     
0.14103    0.91857300      0.92140077     
0.14187    0.88763200      0.89921523     
0.14272    0.86549900      0.87764454     
0.14357    0.85584100      0.85667907     
0.14442    0.82575100      0.83626246     
0.14526    0.81104000      0.81643432     
0.14611    0.79648400      0.79713617     
0.14696    0.80736500      0.77841248     
0.14781    0.79095400      0.76032564     
0.14865    0.74974800      0.74273404     
0.14950    0.71301800      0.72565416     
0.15035    0.68884600      0.70909593     
0.15120    0.68167200      0.69301124     
0.15204    0.66934300      0.67743175     
0.15289    0.65880100      0.66237691     
0.15374    0.65945400      0.64780845     
0.15459    0.65678100      0.63370888     
0.15543    0.65565500      0.62003268     
0.15628    0.63836700      0.60680411     
0.15713    0.59587800      0.59398545     
0.15798    0.57476100      0.58158532     
0.15882    0.56196200      0.56967950     
0.15967    0.56788700      0.55814442     
0.16052    0.56122400      0.54699281     
0.16137    0.56126300      0.53622299     
0.16222    0.53350100      0.52579569     
0.16306    0.50401300      0.51573029     
0.16391    0.49688200      0.50603554     
0.16476    0.48939500      0.49669619     
0.16561    0.47355100      0.48768233     
0.16645    0.47429300      0.47896066     
0.16730    0.46565900      0.47054156     
0.16815    0.44684300      0.46239788     
0.16900    0.44582200      0.45453674     
0.16984    0.45362400      0.44699992     
0.17069    0.43382600      0.43970271     
0.17154    0.42004200      0.43264908     
0.17239    0.42858700      0.42583706     
0.17324    0.42028800      0.41924068     
0.17408    0.39618200      0.41286720     
0.17493    0.39057400      0.40670957     
0.17578    0.37868200      0.40076443     
0.17663    0.37375100      0.39501134     
0.17747    0.36237300      0.38942582     
0.17832    0.35938800      0.38401403     
0.17917    0.35532300      0.37875698     
0.18002    0.36936200      0.37364965     
0.18086    0.37200700      0.36872674     
0.18171    0.34085800      0.36392298     
0.18256    0.33778100      0.35924679     
0.18341    0.32651300      0.35469748     
0.18425    0.31982300      0.35025666     
0.18510    0.34262600      0.34592893     
0.18595    0.34992000      0.34170319     
0.18680    0.32637600      0.33758609     
0.18764    0.31402400      0.33355869     
0.18849    0.31346100      0.32961366     
0.18934    0.30965400      0.32575092     
0.19019    0.30242000      0.32195427     
0.19104    0.30091000      0.31823815     
0.19188    0.29984600      0.31459210     
0.19273    0.28688100      0.31101350     
0.19358    0.28240600      0.30748977     
0.19442    0.27953400      0.30402460     
0.19527    0.29793600      0.30060878     
0.19612    0.28446200      0.29724652     
0.19697    0.27933900      0.29393286     
0.19782    0.25953400      0.29066943     
0.19866    0.25968100      0.28745655     
0.19951    0.25605900      0.28427979     
0.20036    0.25907600      0.28114701     
0.20121    0.26730300      0.27805199     
0.20205    0.27883600      0.27499503     
0.20290    0.27911400      0.27198737     
0.20375    0.26641200      0.26901427     
0.20460    0.26209400      0.26608017     
0.20544    0.26546200      0.26318406     
0.20629    0.23702800      0.26032003     
0.20714    0.24318600      0.25749869     
0.20799    0.24595000      0.25470855     
0.20883    0.24686200      0.25197192     
0.20968    0.24263100      0.24926864     
0.21053    0.24445800      0.24660017     
0.21138    0.24615900      0.24397383     
0.21222    0.25664800      0.24138219     
0.21307    0.23955100      0.23882867     
0.21392    0.22992100      0.23632345     
0.21477    0.22333800      0.23386325     
0.21562    0.22822100      0.23144321     
0.21646    0.23650000      0.22906078     
0.21731    0.23650900      0.22672070     
0.21816    0.23635000      0.22442484     
0.21901    0.23600800      0.22216596     
0.21985    0.22591200      0.21996120     
0.22070    0.21745800      0.21780437     
0.22155    0.21299600      0.21568921     
0.22240    0.22056700      0.21361874     
0.22324    0.21033800      0.21158719     
0.22409    0.19946200      0.20959881     
0.22494    0.20316000      0.20766641     
0.22579    0.21432000      0.20577418     
0.22663    0.22333400      0.20393236     
0.22748    0.21247600      0.20213159     
0.22833    0.20862700      0.20037175     
0.22918    0.20693800      0.19865616     
0.23003    0.21605100      0.19698353     
0.23087    0.21614400      0.19535769     
0.23172    0.21797000      0.19377554     
0.23257    0.21669800      0.19223263     
0.23342    0.20838900      0.19073192     
0.23426    0.21757100      0.18926635     
0.23511    0.22687200      0.18783442     
0.23596    0.21303600      0.18644833     
0.23681    0.18708800      0.18509938     
0.23765    0.18231200      0.18378735     
0.23850    0.18628900      0.18250486     
0.23935    0.19343100      0.18125349     
0.24020    0.16792600      0.18003659     
0.24104    0.18668100      0.17885139     
0.24189    0.18224900      0.17769632     
0.24274    0.18607600      0.17656967     
0.24359    0.17865300      0.17546785     
0.24443    0.17033400      0.17439115     
0.24528    0.16857800      0.17333562     
0.24613    0.17546500      0.17230246     
0.24698    0.18899800      0.17129313     
0.24782    0.18877400      0.17030521     
0.24867    0.17416800      0.16933398     
0.24952    0.16517000      0.16837824     
0.25037    0.16735600      0.16743740     
0.25122    0.17900400      0.16651197     
0.25206    0.18291000      0.16560213     
0.25291    0.16786600      0.16470303     
0.25376    0.16949900      0.16381835     
0.25461    0.15705400      0.16294189     
0.25545    0.16509200      0.16207542     
0.25630    0.15968500      0.16121590     
0.25715    0.16540900      0.16036352     
0.25800    0.16795900      0.15952155     
0.25884    0.16688300      0.15868407     
0.25969    0.15201800      0.15785447     
0.26054    0.13752900      0.15702713     
0.26139    0.13812400      0.15620522     
0.26223    0.15092100      0.15538932     
0.26308    0.15380200      0.15457258     
0.26393    0.15688700      0.15376413     
0.26478    0.16027400      0.15296031     
0.26562    0.16495200      0.15215784     
0.26647    0.17577100      0.15136126     
0.26732    0.19232400      0.15056831     
0.26817    0.18843600      0.14977819     
0.26902    0.15287100      0.14899240     
0.26986    0.13952500      0.14821274     
0.27071    0.15499400      0.14743564     
0.27156    0.15596200      0.14666679     
0.27241    0.13937200      0.14590335     
0.27325    0.14059200      0.14514252     
0.27410    0.13985200      0.14438472     
0.27495    0.13560900      0.14364182     
0.27580    0.13164700      0.14290108     
0.27664    0.12509900      0.14217154     
0.27749    0.13877500      0.14145219     
0.27834    0.13332700      0.14074012     
0.27919    0.14307100      0.14003719     
0.28003    0.15354900      0.13934724     
0.28088    0.14761600      0.13866681     
0.28173    0.14654900      0.13800315     
0.28258    0.14278800      0.13734995     
0.28342    0.10905600      0.13670908     
0.28427    0.13063700      0.13608343     
0.28512    0.12804900      0.13547240     
0.28597    0.11733300      0.13487501     
0.28681    0.11702300      0.13429558     
0.28766    0.12456400      0.13373359     
0.28851    0.12598000      0.13318958     
0.28936    0.12958600      0.13266115     
0.29021    0.10216900      0.13214931     
0.29105    0.13940800      0.13165768     
0.29190    0.15514900      0.13118612     
0.29275    0.16116200      0.13073437     
0.29360    0.16411200      0.13029959     
0.29444    0.15022900      0.12988527     
0.29529    0.14724400      0.12949108     
0.29614    0.12102400      0.12911322     
0.29699    0.12236600      0.12875515     
0.29783    0.13808900      0.12842175     
0.29868    0.17327600      0.12810696     
0.29953    0.20310900      0.12781050     
