# SAXS profile: number of points = 271, q_min = 0.023207, q_max = 0.252063, delta_q = 0.000847614814814815
# offset = 0.00000000000000, scaling c = 8.08711212371165e-07, Chi = 1.39831656230098
#  q       exp_intensity   model_intensity
0.02321    40.61890000     39.63448619    
0.02405    40.26830000     39.22522849    
0.02490    39.68810000     38.80527626    
0.02575    38.83880000     38.37585194    
0.02660    38.50980000     37.93807894    
0.02745    38.63110000     37.49235802    
0.02829    37.84920000     37.03911711    
0.02914    37.43430000     36.57879865    
0.02999    36.54370000     36.11169466    
0.03084    34.73480000     35.63718912    
0.03168    34.73960000     35.15714770    
0.03253    34.35830000     34.67196188    
0.03338    34.87790000     34.18203188    
0.03423    33.77110000     33.68776486    
0.03507    33.62070000     33.18959823    
0.03592    33.12090000     32.68758069    
0.03677    32.91070000     32.18228459    
0.03762    32.41870000     31.67456509    
0.03846    31.64060000     31.16476738    
0.03931    31.12870000     30.65326355    
0.04016    30.36420000     30.14041872    
0.04101    29.46810000     29.62664612    
0.04185    28.87200000     29.11226906    
0.04270    28.06090000     28.59778580    
0.04355    28.10010000     28.08366286    
0.04440    28.03260000     27.57018510    
0.04525    27.49580000     27.05767180    
0.04609    26.65970000     26.54641615    
0.04694    25.65880000     26.03692755    
0.04779    25.46420000     25.52968684    
0.04864    25.36740000     25.02472353    
0.04948    25.20600000     24.52240481    
0.05033    24.05970000     24.02293396    
0.05118    22.88240000     23.52656678    
0.05203    22.49540000     23.03351785    
0.05287    22.72350000     22.54477728    
0.05372    21.93010000     22.06007321    
0.05457    21.60270000     21.57942405    
0.05542    21.53910000     21.10312966    
0.05626    20.93900000     20.63132399    
0.05711    20.63510000     20.16419483    
0.05796    20.02500000     19.70216037    
0.05881    19.02950000     19.24596431    
0.05965    18.57080000     18.79495707    
0.06050    18.34660000     18.34922631    
0.06135    18.38460000     17.90899585    
0.06220    17.57980000     17.47431869    
0.06304    17.05130000     17.04529722    
0.06389    17.03560000     16.62289712    
0.06474    16.62190000     16.20676770    
0.06559    16.37070000     15.79658162    
0.06644    15.81800000     15.39234982    
0.06728    15.02400000     14.99422606    
0.06813    14.77660000     14.60221722    
0.06898    14.13430000     14.21656962    
0.06983    13.94450000     13.83827520    
0.07067    13.74940000     13.46620684    
0.07152    12.99480000     13.10038565    
0.07237    12.76910000     12.74079479    
0.07322    12.47360000     12.38752688    
0.07406    12.07560000     12.04052135    
0.07491    11.62730000     11.70058492    
0.07576    11.44610000     11.36747606    
0.07661    11.29020000     11.04062346    
0.07745    10.86580000     10.71998831    
0.07830    10.55490000     10.40550859    
0.07915    10.09090000     10.09724539    
0.08000    9.73560000      9.79516143     
0.08084    9.53721000      9.50050295     
0.08169    9.34760000      9.21188913     
0.08254    9.06965000      8.92929176     
0.08339    8.70078000      8.65267186     
0.08424    8.41191000      8.38195349     
0.08508    8.11127000      8.11715354     
0.08593    7.87513000      7.85876862     
0.08678    7.55596000      7.60683473     
0.08763    7.20837000      7.36059813     
0.08847    7.03952000      7.12001175     
0.08932    6.83328000      6.88502421     
0.09017    6.45028000      6.65554968     
0.09102    6.41459000      6.43157395     
0.09186    6.16948000      6.21405677     
0.09271    5.87063000      6.00200785     
0.09356    5.67999000      5.79521223     
0.09441    5.53900000      5.59361428     
0.09525    5.37036000      5.39716094     
0.09610    5.18231000      5.20576798     
0.09695    5.01060000      5.01977627     
0.09780    4.84144000      4.83943464     
0.09864    4.60526000      4.66395091     
0.09949    4.39782000      4.49324435     
0.10034    4.26463000      4.32723345     
0.10119    4.10851000      4.16582879     
0.10204    3.92463000      4.00920464     
0.10288    3.82799000      3.85765634     
0.10373    3.70090000      3.71093701     
0.10458    3.53748000      3.56841477     
0.10543    3.41987000      3.43017245     
0.10627    3.31809000      3.29629778     
0.10712    3.22703000      3.16643682     
0.10797    3.10271000      3.04098435     
0.10882    2.96108000      2.92007348     
0.10966    2.82478000      2.80307841     
0.11051    2.72905000      2.69006670     
0.11136    2.61336000      2.58069577     
0.11221    2.47759000      2.47503060     
0.11305    2.37753000      2.37312822     
0.11390    2.29784000      2.27517456     
0.11475    2.25046000      2.18107290     
0.11560    2.17629000      2.09025026     
0.11645    2.03170000      2.00276202     
0.11729    1.93734000      1.91862695     
0.11814    1.88414000      1.83756600     
0.11899    1.81621000      1.75977894     
0.11983    1.74559000      1.68552543     
0.12068    1.64802000      1.61423393     
0.12153    1.57340000      1.54589081     
0.12238    1.47982000      1.48026529     
0.12323    1.41255000      1.41737584     
0.12407    1.34515000      1.35721623     
0.12492    1.31434000      1.29986548     
0.12577    1.26876000      1.24535782     
0.12662    1.18634000      1.19319808     
0.12746    1.14212000      1.14339052     
0.12831    1.10730000      1.09592831     
0.12916    1.06699000      1.05063512     
0.13001    1.02955000      1.00754319     
0.13085    0.97817200      0.96690110     
0.13170    0.93330100      0.92826541     
0.13255    0.88360500      0.89160029     
0.13340    0.85322100      0.85675262     
0.13425    0.81076000      0.82370131     
0.13509    0.78879800      0.79241794     
0.13594    0.74312700      0.76290871     
0.13679    0.71255300      0.73523004     
0.13764    0.69951600      0.70903717     
0.13848    0.68426200      0.68430790     
0.13933    0.63842600      0.66101205     
0.14018    0.62575600      0.63903899     
0.14103    0.59598500      0.61838347     
0.14187    0.56978400      0.59915327     
0.14272    0.57064300      0.58112541     
0.14357    0.57177300      0.56422209     
0.14442    0.54903600      0.54835734     
0.14526    0.51772700      0.53352299     
0.14611    0.49989700      0.51963591     
0.14696    0.47588400      0.50671358     
0.14781    0.47650400      0.49479580     
0.14865    0.45685000      0.48366398     
0.14950    0.44855500      0.47329728     
0.15035    0.43188700      0.46366645     
0.15120    0.42200600      0.45471040     
0.15204    0.41806200      0.44641710     
0.15289    0.41004700      0.43880527     
0.15374    0.40885400      0.43178708     
0.15459    0.40585100      0.42530312     
0.15543    0.39901600      0.41930418     
0.15628    0.38320200      0.41377712     
0.15713    0.38525900      0.40868330     
0.15798    0.39196000      0.40399751     
0.15882    0.38029100      0.39976575     
0.15967    0.37951600      0.39586943     
0.16052    0.36869900      0.39229770     
0.16137    0.35269800      0.38902690     
0.16222    0.34319800      0.38602393     
0.16306    0.36307800      0.38328115     
0.16391    0.37371200      0.38080409     
0.16476    0.38038000      0.37855370     
0.16561    0.36333600      0.37650361     
0.16645    0.35275400      0.37462683     
0.16730    0.36651300      0.37291173     
0.16815    0.35578600      0.37134586     
0.16900    0.35046500      0.36992581     
0.16984    0.36025800      0.36864988     
0.17069    0.36083200      0.36747864     
0.17154    0.36466700      0.36640806     
0.17239    0.36216200      0.36542819     
0.17324    0.36590500      0.36452711     
0.17408    0.36670200      0.36370310     
0.17493    0.37862700      0.36296503     
0.17578    0.36863300      0.36226071     
0.17663    0.34990600      0.36160755     
0.17747    0.34547600      0.36099382     
0.17832    0.36126200      0.36041608     
0.17917    0.35301400      0.35987095     
0.18002    0.34762100      0.35934933     
0.18086    0.35224500      0.35886294     
0.18171    0.35761100      0.35837627     
0.18256    0.36381500      0.35790301     
0.18341    0.36369100      0.35744072     
0.18425    0.35870500      0.35698302     
0.18510    0.35988500      0.35652818     
0.18595    0.35483900      0.35606774     
0.18680    0.35346500      0.35560644     
0.18764    0.34774500      0.35513463     
0.18849    0.33959500      0.35465763     
0.18934    0.35713400      0.35416829     
0.19019    0.35402400      0.35366087     
0.19104    0.35109100      0.35315398     
0.19188    0.36141700      0.35261060     
0.19273    0.34778800      0.35205962     
0.19358    0.36041200      0.35148195     
0.19442    0.35341700      0.35088275     
0.19527    0.36853500      0.35026273     
0.19612    0.36334900      0.34961882     
0.19697    0.35695100      0.34895098     
0.19782    0.35618300      0.34824713     
0.19866    0.35857400      0.34752322     
0.19951    0.34649200      0.34676745     
0.20036    0.34969800      0.34598279     
0.20121    0.36289100      0.34516992     
0.20205    0.34259800      0.34432516     
0.20290    0.32027200      0.34345198     
0.20375    0.32349900      0.34254078     
0.20460    0.33747400      0.34159952     
0.20544    0.34029800      0.34062501     
0.20629    0.33475000      0.33961718     
0.20714    0.33501500      0.33858298     
0.20799    0.33856700      0.33750903     
0.20883    0.33548600      0.33641092     
0.20968    0.33216900      0.33527136     
0.21053    0.31507800      0.33410063     
0.21138    0.31686200      0.33290186     
0.21222    0.32175600      0.33166930     
0.21307    0.32789900      0.33040540     
0.21392    0.32868500      0.32911245     
0.21477    0.33199700      0.32779134     
0.21562    0.32755000      0.32643807     
0.21646    0.33192600      0.32505460     
0.21731    0.32140200      0.32364635     
0.21816    0.31208400      0.32221445     
0.21901    0.30616500      0.32075070     
0.21985    0.31009800      0.31926037     
0.22070    0.31112800      0.31775227     
0.22155    0.30730100      0.31622127     
0.22240    0.29647100      0.31466897     
0.22324    0.30397500      0.31309229     
0.22409    0.29734200      0.31149733     
0.22494    0.31061200      0.30989212     
0.22579    0.30903600      0.30825821     
0.22663    0.30643400      0.30661580     
0.22748    0.29867700      0.30495718     
0.22833    0.28064800      0.30328237     
0.22918    0.28911800      0.30159625     
0.23003    0.30064500      0.29990175     
0.23087    0.29751400      0.29819084     
0.23172    0.28748600      0.29647176     
0.23257    0.29295300      0.29474254     
0.23342    0.28539200      0.29300849     
0.23426    0.30106300      0.29126357     
0.23511    0.30591400      0.28950762     
0.23596    0.31095800      0.28775322     
0.23681    0.27533600      0.28598731     
0.23765    0.28196000      0.28422044     
0.23850    0.28369700      0.28244353     
0.23935    0.27702900      0.28066037     
0.24020    0.27367700      0.27887735     
0.24104    0.28507800      0.27709143     
0.24189    0.28853600      0.27529969     
0.24274    0.26875900      0.27350172     
0.24359    0.27689100      0.27169882     
0.24443    0.29464400      0.26989210     
0.24528    0.29664200      0.26807722     
0.24613    0.27958000      0.26625930     
0.24698    0.27458500      0.26443825     
0.24782    0.27043500      0.26260832     
0.24867    0.26209300      0.26077217     
0.24952    0.25250600      0.25892792     
0.25037    0.23872900      0.25707523     
0.25122    0.24134100      0.25521640     
0.25206    0.24428200      0.25335279     
