 0.189551E-01  0.220966E+02  0.631716E+00
 0.198850E-01  0.224231E+02  0.579636E+00
 0.208149E-01  0.222148E+02  0.535840E+00
 0.217448E-01  0.221196E+02  0.510410E+00
 0.226747E-01  0.217156E+02  0.476738E+00
 0.236046E-01  0.210130E+02  0.443894E+00
 0.245345E-01  0.203679E+02  0.432358E+00
 0.254643E-01  0.203541E+02  0.420457E+00
 0.263942E-01  0.199955E+02  0.396473E+00
 0.273241E-01  0.200848E+02  0.370897E+00
 0.282540E-01  0.197409E+02  0.355636E+00
 0.291839E-01  0.199163E+02  0.276054E+00
 0.301138E-01  0.200544E+02  0.186252E+00
 0.310437E-01  0.200468E+02  0.180547E+00
 0.319736E-01  0.196319E+02  0.177313E+00
 0.329035E-01  0.191246E+02  0.174020E+00
 0.338333E-01  0.188387E+02  0.174264E+00
 0.347632E-01  0.186224E+02  0.168968E+00
 0.356931E-01  0.181011E+02  0.168105E+00
 0.366230E-01  0.176224E+02  0.164635E+00
 0.375529E-01  0.174618E+02  0.138612E+00
 0.384828E-01  0.172362E+02  0.111344E+00
 0.394127E-01  0.170978E+02  0.108497E+00
 0.403426E-01  0.169464E+02  0.108013E+00
 0.412724E-01  0.167146E+02  0.104640E+00
 0.422023E-01  0.162153E+02  0.103034E+00
 0.431322E-01  0.159678E+02  0.100971E+00
 0.440621E-01  0.157047E+02  0.994672E-01
 0.449920E-01  0.152595E+02  0.984487E-01
 0.459219E-01  0.149469E+02  0.972156E-01
 0.468518E-01  0.148437E+02  0.962660E-01
 0.477817E-01  0.144923E+02  0.946318E-01
 0.487115E-01  0.142635E+02  0.937946E-01
 0.496414E-01  0.140468E+02  0.927305E-01
 0.505713E-01  0.137305E+02  0.781170E-01
 0.515012E-01  0.135576E+02  0.688974E-01
 0.524311E-01  0.132967E+02  0.686822E-01
 0.533610E-01  0.130096E+02  0.672627E-01
 0.542909E-01  0.127978E+02  0.675655E-01
 0.552208E-01  0.124540E+02  0.670836E-01
 0.561506E-01  0.121150E+02  0.669901E-01
 0.570805E-01  0.117604E+02  0.663007E-01
 0.580104E-01  0.115807E+02  0.655454E-01
 0.589403E-01  0.113247E+02  0.642673E-01
 0.598702E-01  0.109496E+02  0.634092E-01
 0.608001E-01  0.107041E+02  0.620151E-01
 0.617300E-01  0.105569E+02  0.624875E-01
 0.626599E-01  0.104030E+02  0.615920E-01
 0.635898E-01  0.101360E+02  0.605439E-01
 0.645196E-01  0.984293E+01  0.511343E-01
 0.654495E-01  0.960636E+01  0.481175E-01
 0.663794E-01  0.941609E+01  0.475125E-01
 0.673093E-01  0.912271E+01  0.474937E-01
 0.682392E-01  0.885607E+01  0.477481E-01
 0.691691E-01  0.863638E+01  0.482198E-01
 0.700990E-01  0.841849E+01  0.470312E-01
 0.710289E-01  0.820400E+01  0.464315E-01
 0.719587E-01  0.796094E+01  0.461718E-01
 0.728886E-01  0.771509E+01  0.452395E-01
 0.738185E-01  0.747764E+01  0.449793E-01
 0.747484E-01  0.726464E+01  0.448221E-01
 0.756783E-01  0.707191E+01  0.443886E-01
 0.766082E-01  0.676811E+01  0.441259E-01
 0.775381E-01  0.656392E+01  0.439315E-01
 0.784680E-01  0.646811E+01  0.434848E-01
 0.793978E-01  0.618782E+01  0.442913E-01
 0.803277E-01  0.599875E+01  0.444421E-01
 0.812576E-01  0.582166E+01  0.427098E-01
 0.821875E-01  0.573620E+01  0.422231E-01
 0.831174E-01  0.553042E+01  0.421869E-01
 0.840473E-01  0.543486E+01  0.420910E-01
 0.849772E-01  0.520863E+01  0.419647E-01
 0.859071E-01  0.498855E+01  0.413340E-01
 0.868369E-01  0.483185E+01  0.406083E-01
 0.877668E-01  0.468847E+01  0.403920E-01
 0.886967E-01  0.450468E+01  0.401801E-01
 0.896266E-01  0.433151E+01  0.397248E-01
 0.905565E-01  0.416095E+01  0.397170E-01
 0.914864E-01  0.401707E+01  0.397139E-01
 0.924163E-01  0.391521E+01  0.396101E-01
 0.933462E-01  0.385592E+01  0.390857E-01
 0.942760E-01  0.370102E+01  0.386088E-01
 0.952059E-01  0.363246E+01  0.382929E-01
 0.961358E-01  0.338384E+01  0.383153E-01
 0.970657E-01  0.319548E+01  0.384343E-01
 0.979956E-01  0.310520E+01  0.394372E-01
 0.989255E-01  0.301221E+01  0.390515E-01
 0.998554E-01  0.289441E+01  0.376509E-01
 0.100785E+00  0.282359E+01  0.370626E-01
 0.101715E+00  0.270588E+01  0.371893E-01
 0.102645E+00  0.261109E+01  0.371306E-01
 0.103575E+00  0.251013E+01  0.373056E-01
 0.104505E+00  0.246922E+01  0.373413E-01
 0.105435E+00  0.233477E+01  0.361027E-01
 0.106365E+00  0.217193E+01  0.358757E-01
 0.107294E+00  0.211407E+01  0.358401E-01
 0.108224E+00  0.199095E+01  0.353913E-01
 0.109154E+00  0.201731E+01  0.354388E-01
 0.110084E+00  0.188218E+01  0.350981E-01
 0.111014E+00  0.173571E+01  0.346347E-01
 0.111944E+00  0.166734E+01  0.350060E-01
 0.112874E+00  0.161329E+01  0.365954E-01
 0.113804E+00  0.156194E+01  0.212861E-01
 0.114734E+00  0.150352E+01  0.213719E-01
 0.115663E+00  0.144058E+01  0.210629E-01
 0.116593E+00  0.137109E+01  0.208016E-01
 0.117523E+00  0.132762E+01  0.206545E-01
 0.118453E+00  0.125237E+01  0.204831E-01
 0.119383E+00  0.118433E+01  0.203157E-01
 0.120313E+00  0.113020E+01  0.203345E-01
 0.121243E+00  0.110824E+01  0.203941E-01
 0.122173E+00  0.107059E+01  0.202366E-01
 0.123103E+00  0.100426E+01  0.202356E-01
 0.124032E+00  0.978172E+00  0.200679E-01
 0.124962E+00  0.978619E+00  0.200074E-01
 0.125892E+00  0.916587E+00  0.199688E-01
 0.126822E+00  0.877809E+00  0.196397E-01
 0.127752E+00  0.861910E+00  0.197418E-01
 0.128682E+00  0.803729E+00  0.198634E-01
 0.129612E+00  0.742025E+00  0.197209E-01
 0.130542E+00  0.720946E+00  0.197330E-01
 0.131472E+00  0.691152E+00  0.196436E-01
 0.132401E+00  0.673032E+00  0.195262E-01
 0.133331E+00  0.626535E+00  0.195018E-01
 0.134261E+00  0.623461E+00  0.193691E-01
 0.135191E+00  0.613793E+00  0.201594E-01
 0.136121E+00  0.601281E+00  0.166145E-01
 0.137051E+00  0.582136E+00  0.166015E-01
 0.137981E+00  0.593012E+00  0.164682E-01
 0.138911E+00  0.548985E+00  0.163256E-01
 0.139841E+00  0.557648E+00  0.163015E-01
 0.140770E+00  0.573074E+00  0.162140E-01
 0.141700E+00  0.545673E+00  0.160914E-01
 0.142630E+00  0.520169E+00  0.159599E-01
 0.143560E+00  0.534231E+00  0.163260E-01
 0.144490E+00  0.507663E+00  0.179009E-01
 0.145420E+00  0.484797E+00  0.166018E-01
 0.146350E+00  0.481584E+00  0.158673E-01
 0.147280E+00  0.457169E+00  0.159221E-01
 0.148210E+00  0.455465E+00  0.158273E-01
 0.149139E+00  0.457951E+00  0.158727E-01
 0.150069E+00  0.439586E+00  0.158468E-01
 0.150999E+00  0.433500E+00  0.160747E-01
 0.151929E+00  0.459679E+00  0.162699E-01
 0.152859E+00  0.473934E+00  0.161434E-01
 0.153789E+00  0.469040E+00  0.159365E-01
 0.154719E+00  0.452547E+00  0.159751E-01
 0.155649E+00  0.426426E+00  0.157783E-01
 0.156579E+00  0.422342E+00  0.157614E-01
 0.157508E+00  0.430101E+00  0.156097E-01
 0.158438E+00  0.422435E+00  0.154014E-01
 0.159368E+00  0.408204E+00  0.154523E-01
 0.160298E+00  0.433135E+00  0.153100E-01
 0.161228E+00  0.435646E+00  0.151698E-01
 0.162158E+00  0.442227E+00  0.150219E-01
 0.163088E+00  0.460260E+00  0.150296E-01
 0.164018E+00  0.454028E+00  0.151266E-01
 0.164948E+00  0.446001E+00  0.151516E-01
 0.165877E+00  0.436149E+00  0.151486E-01
 0.166807E+00  0.447646E+00  0.152947E-01
 0.167737E+00  0.431897E+00  0.153033E-01
 0.168667E+00  0.436847E+00  0.154384E-01
 0.169597E+00  0.461052E+00  0.161678E-01
 0.170527E+00  0.447256E+00  0.170380E-01
 0.171457E+00  0.463574E+00  0.167705E-01
 0.172387E+00  0.447996E+00  0.154737E-01
 0.173317E+00  0.438431E+00  0.151528E-01
 0.174246E+00  0.454291E+00  0.149838E-01
 0.175176E+00  0.444935E+00  0.149443E-01
 0.176106E+00  0.459848E+00  0.147341E-01
 0.177036E+00  0.473536E+00  0.146635E-01
 0.177966E+00  0.456811E+00  0.146418E-01
 0.178896E+00  0.481193E+00  0.144835E-01
 0.179826E+00  0.482047E+00  0.144559E-01
 0.180756E+00  0.500645E+00  0.144169E-01
 0.181686E+00  0.487920E+00  0.145217E-01
 0.182615E+00  0.494982E+00  0.145892E-01
 0.183545E+00  0.482389E+00  0.145684E-01
 0.184475E+00  0.485414E+00  0.146927E-01
 0.185405E+00  0.469478E+00  0.144877E-01
 0.186335E+00  0.490065E+00  0.144553E-01
 0.187265E+00  0.482855E+00  0.144217E-01
 0.188195E+00  0.468619E+00  0.143627E-01
 0.189125E+00  0.465699E+00  0.143060E-01
 0.190055E+00  0.461722E+00  0.142008E-01
 0.190984E+00  0.470563E+00  0.140564E-01
 0.191914E+00  0.464940E+00  0.140626E-01
 0.192844E+00  0.454154E+00  0.140483E-01
 0.193774E+00  0.464695E+00  0.140662E-01
 0.194704E+00  0.462330E+00  0.140153E-01
 0.195634E+00  0.455834E+00  0.141395E-01
 0.196564E+00  0.475641E+00  0.140948E-01
 0.197494E+00  0.475516E+00  0.141046E-01
 0.198423E+00  0.480875E+00  0.142402E-01
 0.199353E+00  0.485639E+00  0.141039E-01
 0.200283E+00  0.461732E+00  0.140252E-01
 0.201213E+00  0.455454E+00  0.140782E-01
 0.202143E+00  0.460356E+00  0.139869E-01
 0.203073E+00  0.470574E+00  0.139846E-01
 0.204003E+00  0.475882E+00  0.138883E-01
 0.204933E+00  0.471312E+00  0.137553E-01
 0.205863E+00  0.438610E+00  0.137567E-01
 0.206792E+00  0.446904E+00  0.136621E-01
 0.207722E+00  0.447321E+00  0.136986E-01
 0.208652E+00  0.450418E+00  0.137412E-01
 0.209582E+00  0.431335E+00  0.136295E-01
 0.210512E+00  0.426319E+00  0.136764E-01
 0.211442E+00  0.431610E+00  0.135644E-01
 0.212372E+00  0.433438E+00  0.134726E-01
 0.213302E+00  0.437024E+00  0.134112E-01
 0.214232E+00  0.475036E+00  0.134210E-01
 0.215161E+00  0.482881E+00  0.132979E-01
 0.216091E+00  0.456233E+00  0.131108E-01
 0.217021E+00  0.450675E+00  0.130245E-01
 0.217951E+00  0.440042E+00  0.130845E-01
 0.218881E+00  0.435741E+00  0.130462E-01
 0.219811E+00  0.438982E+00  0.129950E-01
 0.220741E+00  0.444718E+00  0.128787E-01
 0.221671E+00  0.465972E+00  0.128058E-01
 0.222601E+00  0.469130E+00  0.129257E-01
 0.223530E+00  0.456764E+00  0.128802E-01
 0.224460E+00  0.434175E+00  0.128193E-01
 0.225390E+00  0.442174E+00  0.128521E-01
 0.226320E+00  0.446435E+00  0.130197E-01
 0.227250E+00  0.460627E+00  0.131080E-01
 0.228180E+00  0.468147E+00  0.131725E-01
 0.229110E+00  0.438793E+00  0.131938E-01
 0.230040E+00  0.437036E+00  0.132130E-01
 0.230970E+00  0.433718E+00  0.133033E-01
 0.231899E+00  0.424156E+00  0.133514E-01
 0.232829E+00  0.414697E+00  0.133247E-01
 0.233759E+00  0.424959E+00  0.134404E-01
 0.234689E+00  0.447309E+00  0.134201E-01
 0.235619E+00  0.430328E+00  0.133190E-01
 0.236549E+00  0.427902E+00  0.132870E-01
 0.237479E+00  0.415962E+00  0.131381E-01
 0.238409E+00  0.403098E+00  0.132125E-01
 0.239339E+00  0.410389E+00  0.133147E-01
 0.240268E+00  0.413709E+00  0.132710E-01
 0.241198E+00  0.409524E+00  0.132919E-01
 0.242128E+00  0.410548E+00  0.133871E-01
 0.243058E+00  0.391901E+00  0.133875E-01
 0.243988E+00  0.401441E+00  0.132745E-01
 0.244918E+00  0.438354E+00  0.133345E-01
 0.245848E+00  0.426170E+00  0.133771E-01
 0.246778E+00  0.412973E+00  0.133697E-01
 0.247708E+00  0.404124E+00  0.132524E-01
 0.248637E+00  0.384924E+00  0.131376E-01
 0.249567E+00  0.389653E+00  0.132384E-01
 0.250497E+00  0.397467E+00  0.132358E-01
 0.251427E+00  0.405606E+00  0.131682E-01
 0.252357E+00  0.419559E+00  0.132261E-01
 0.253287E+00  0.399327E+00  0.132712E-01
 0.254217E+00  0.389210E+00  0.131630E-01
 0.255147E+00  0.386103E+00  0.132258E-01
 0.256077E+00  0.379454E+00  0.131399E-01
 0.257006E+00  0.377852E+00  0.132636E-01
 0.257936E+00  0.370159E+00  0.135196E-01
 0.258866E+00  0.381241E+00  0.134264E-01
 0.259796E+00  0.398160E+00  0.132106E-01
 0.260726E+00  0.392691E+00  0.130312E-01
 0.261656E+00  0.403541E+00  0.130014E-01
 0.262586E+00  0.390553E+00  0.131508E-01
 0.263516E+00  0.374055E+00  0.129392E-01
 0.264446E+00  0.371195E+00  0.128508E-01
 0.265375E+00  0.377382E+00  0.129459E-01
 0.266305E+00  0.372179E+00  0.130240E-01
 0.267235E+00  0.375889E+00  0.129911E-01
 0.268165E+00  0.406896E+00  0.129160E-01
 0.269095E+00  0.413683E+00  0.130200E-01
 0.270025E+00  0.416344E+00  0.130310E-01
 0.270955E+00  0.415502E+00  0.130998E-01
 0.271885E+00  0.397032E+00  0.131576E-01
 0.272815E+00  0.373415E+00  0.130356E-01
 0.273744E+00  0.356216E+00  0.131218E-01
 0.274674E+00  0.350583E+00  0.131417E-01
 0.275604E+00  0.379842E+00  0.130649E-01
 0.276534E+00  0.400388E+00  0.131168E-01
 0.277464E+00  0.402864E+00  0.132516E-01
 0.278394E+00  0.407511E+00  0.131910E-01
 0.279324E+00  0.398157E+00  0.130582E-01
 0.280254E+00  0.389288E+00  0.130431E-01
 0.281184E+00  0.387169E+00  0.130272E-01
 0.282113E+00  0.413576E+00  0.129070E-01
 0.283043E+00  0.385267E+00  0.131224E-01
 0.283973E+00  0.363520E+00  0.133438E-01
 0.284903E+00  0.389095E+00  0.135898E-01
 0.285833E+00  0.401005E+00  0.137324E-01
 0.286763E+00  0.387273E+00  0.138134E-01
 0.287693E+00  0.361699E+00  0.138710E-01
 0.288623E+00  0.379874E+00  0.139282E-01
 0.289553E+00  0.406639E+00  0.140278E-01
 0.290482E+00  0.388679E+00  0.142242E-01
 0.291412E+00  0.370589E+00  0.142359E-01
 0.292342E+00  0.359445E+00  0.143172E-01
 0.293272E+00  0.369802E+00  0.145018E-01
 0.294202E+00  0.377215E+00  0.146266E-01
 0.295132E+00  0.365410E+00  0.147070E-01
 0.296062E+00  0.368201E+00  0.147402E-01
 0.296992E+00  0.404164E+00  0.147898E-01
 0.297922E+00  0.433062E+00  0.149424E-01
 0.298851E+00  0.410740E+00  0.149518E-01
 0.299781E+00  0.367735E+00  0.150601E-01
 0.300711E+00  0.359981E+00  0.153870E-01
 0.301641E+00  0.378513E+00  0.153492E-01
 0.302571E+00  0.377538E+00  0.153079E-01
 0.303501E+00  0.393104E+00  0.153152E-01
 0.304431E+00  0.381345E+00  0.153455E-01
 0.305361E+00  0.363570E+00  0.154693E-01
 0.306290E+00  0.371620E+00  0.155929E-01
 0.307220E+00  0.389729E+00  0.156021E-01
 0.308150E+00  0.376116E+00  0.156016E-01
 0.309080E+00  0.366794E+00  0.156246E-01
 0.310010E+00  0.333875E+00  0.156001E-01
 0.310940E+00  0.343693E+00  0.158240E-01
 0.311870E+00  0.362592E+00  0.159945E-01
 0.312800E+00  0.379115E+00  0.163009E-01
 0.313730E+00  0.358066E+00  0.165176E-01
 0.314659E+00  0.370184E+00  0.167159E-01
 0.315589E+00  0.397989E+00  0.163760E-01
 0.316519E+00  0.378826E+00  0.164030E-01
 0.317449E+00  0.373947E+00  0.165565E-01
 0.318379E+00  0.366696E+00  0.165458E-01
 0.319309E+00  0.338963E+00  0.165447E-01
