0.010641 1.573356 0.867820
0.011858 0.725526 0.498836
0.012466 2.189210 0.667524
0.013074 4.838516 0.719069
0.013682 4.128577 0.358733
0.014290 5.009119 0.475731
0.014898 3.783683 0.431093
0.015506 4.356045 0.469750
0.016114 3.826580 0.302498
0.016722 4.076707 0.328661
0.017330 4.437132 0.263554
0.017938 4.425568 0.293025
0.018546 5.179909 0.257925
0.019155 4.709789 0.236091
0.019763 4.510050 0.236617
0.020371 4.779706 0.183906
0.020979 4.191108 0.216958
0.021587 4.564580 0.140788
0.022195 4.822535 0.239521
0.022803 4.549546 0.150045
0.023411 4.709855 0.185969
0.024019 4.394381 0.140318
0.024627 4.379259 0.203223
0.025235 4.411167 0.143135
0.025843 4.412728 0.165237
0.026452 4.376158 0.124487
0.027060 4.350222 0.098567
0.027668 4.197394 0.116905
0.028276 4.315767 0.110041
0.028884 4.284775 0.132073
0.029492 4.314708 0.116051
0.030100 4.635383 0.113614
0.030708 4.447599 0.105784
0.031316 4.267939 0.130770
0.031924 4.158741 0.098331
0.032532 4.123913 0.110743
0.033140 3.848591 0.098517
0.033748 3.883739 0.101264
0.034357 3.796127 0.092138
0.034965 3.860454 0.099827
0.035573 3.936563 0.091060
0.036181 4.049577 0.092476
0.036789 3.755898 0.087359
0.037397 3.717685 0.090160
0.038005 4.002234 0.103209
0.038613 3.851704 0.099000
0.039221 3.823055 0.093699
0.039829 3.738848 0.080469
0.040437 3.642650 0.089745
0.041045 3.606146 0.081041
0.041654 3.589439 0.081636
0.042262 3.611417 0.085440
0.042870 3.457262 0.086433
0.043478 3.367900 0.083982
0.044086 3.144913 0.076316
0.044694 3.282326 0.079281
0.045302 3.328413 0.069211
0.045910 3.331345 0.081401
0.046518 3.340471 0.065722
0.047126 3.215103 0.075049
0.047734 3.231534 0.082020
0.048342 3.098345 0.071473
0.048950 3.062972 0.063528
0.049559 3.116683 0.069321
0.050167 3.131825 0.070949
0.050775 3.048911 0.073484
0.051383 2.992193 0.070734
0.051991 3.033892 0.066397
0.052599 2.844547 0.070656
0.053207 2.893125 0.065744
0.053815 2.762763 0.077440
0.054423 2.824830 0.066455
0.055031 2.674550 0.057780
0.055639 2.758088 0.060040
0.056247 2.728681 0.072725
0.056855 2.724152 0.066446
0.057463 2.678071 0.066365
0.058072 2.460572 0.072179
0.058680 2.608568 0.067293
0.059288 2.444302 0.059881
0.059896 2.616733 0.063117
0.060504 2.400360 0.060299
0.061112 2.508994 0.069621
0.061720 2.332876 0.064248
0.062328 2.487861 0.074855
0.062936 2.328137 0.064930
0.063544 2.247273 0.062400
0.064152 2.197445 0.074726
0.064760 2.168997 0.059138
0.065368 2.059126 0.062478
0.065977 2.110398 0.059425
0.066585 2.106560 0.066707
0.067193 2.147875 0.057810
0.067801 2.142143 0.066871
0.068409 2.142149 0.056782
0.069017 1.983253 0.083009
0.069625 1.921473 0.053467
0.070233 1.904209 0.168032
0.070841 1.860663 0.066810
0.071449 1.782007 0.077516
0.072057 1.759873 0.056401
0.072665 1.845284 0.057931
0.073273 1.726055 0.053994
0.073881 1.693508 0.057264
0.074490 1.647285 0.054623
0.075098 1.601548 0.064182
0.075706 1.621692 0.054154
0.076314 1.575740 0.061271
0.076922 1.569366 0.050370
0.077530 1.505984 0.049484
0.078138 1.469020 0.051641
0.078746 1.514602 0.051597
0.079354 1.358967 0.049516
0.079962 1.430580 0.053903
0.080570 1.481239 0.045911
0.081178 1.452190 0.051575
0.081786 1.436047 0.050979
0.082394 1.368533 0.050379
0.083002 1.413566 0.048807
0.083611 1.394295 0.054044
0.084219 1.347922 0.052519
0.084827 1.373408 0.051189
0.085435 1.265301 0.053545
0.086043 1.232751 0.055525
0.086651 1.207285 0.050313
0.087259 1.203634 0.048854
0.087867 1.128347 0.049227
0.088475 1.020896 0.053190
0.089083 1.057889 0.048357
0.089691 0.987882 0.047032
0.090299 1.108302 0.046684
0.090907 0.964340 0.050816
0.091515 1.083637 0.048803
0.092123 1.034867 0.048502
0.092732 0.986576 0.042059
0.093340 0.968451 0.049115
0.093948 0.937836 0.045244
0.094556 0.903576 0.048527
0.095164 0.968296 0.046963
0.095772 0.911971 0.042650
0.096380 0.943607 0.047042
0.096988 0.861432 0.043897
0.097596 0.837618 0.049738
0.098204 0.820223 0.044798
0.098812 0.865504 0.043573
0.099420 0.746317 0.042771
0.100028 0.882761 0.047092
0.100636 0.861731 0.044809
0.101244 0.882477 0.041869
0.101852 0.800918 0.044895
0.102461 0.828767 0.048935
0.103069 0.670731 0.045968
0.103677 0.742584 0.046004
0.104285 0.731395 0.042785
0.104893 0.632027 0.041928
0.105501 0.660758 0.044658
0.106109 0.687157 0.042836
0.106717 0.591643 0.044232
0.107325 0.619480 0.044506
0.107933 0.553494 0.045234
0.108541 0.589015 0.041628
0.109149 0.601596 0.044735
0.109757 0.650882 0.043835
0.110365 0.531127 0.049309
0.110973 0.539893 0.039869
0.111581 0.488681 0.047857
0.112189 0.551596 0.041508
0.112798 0.430430 0.040193
0.113406 0.526400 0.040437
0.114014 0.447587 0.039803
0.114622 0.428594 0.041426
0.115230 0.518255 0.040156
0.115838 0.433366 0.044716
0.116446 0.498999 0.043328
0.117054 0.428104 0.042587
0.117662 0.422027 0.036800
0.118270 0.478728 0.042521
0.118878 0.412611 0.039435
0.119486 0.421620 0.039015
0.120094 0.434266 0.039189
0.120702 0.395937 0.040257
0.121310 0.427501 0.040752
0.121918 0.350423 0.038381
0.122526 0.380946 0.037730
0.123134 0.352853 0.040543
0.123742 0.399770 0.039907
0.124351 0.321694 0.037262
0.124959 0.355591 0.037003
0.125567 0.346003 0.039682
0.126175 0.359031 0.037317
0.126783 0.318363 0.038156
0.127391 0.293526 0.036569
0.127999 0.252762 0.034264
0.128607 0.314816 0.037851
0.129215 0.290052 0.042452
0.129823 0.368077 0.039043
0.130431 0.326943 0.035485
0.131039 0.320164 0.041605
0.131647 0.348623 0.037298
0.132255 0.304075 0.040664
0.132863 0.348409 0.037601
0.133471 0.276778 0.039621
0.134079 0.284531 0.038495
0.134687 0.246084 0.038116
0.135295 0.293152 0.035584
0.135903 0.230156 0.036467
0.136511 0.300379 0.037289
0.137119 0.242391 0.040805
0.137728 0.268926 0.037505
0.138336 0.273397 0.037111
0.138944 0.396689 0.034336
0.139552 0.320170 0.036727
0.140160 0.378984 0.039006
0.140768 0.305612 0.034453
0.141376 0.334094 0.034739
0.141984 0.249209 0.038660
0.142592 0.289992 0.036982
0.143200 0.256964 0.034579
0.143808 0.211998 0.037147
0.144416 0.368892 0.036763
0.145024 0.353108 0.036588
0.145632 0.295509 0.036521
0.146240 0.326336 0.033335
0.146848 0.250666 0.035164
0.147456 0.308087 0.036231
0.148064 0.253308 0.032784
0.148672 0.241661 0.036606
0.149280 0.272305 0.035607
0.149888 0.256893 0.033538
0.150496 0.270341 0.034969
0.151104 0.275478 0.031844
0.151712 0.256988 0.034758
0.152320 0.249513 0.034152
0.152928 0.262195 0.033225
0.153537 0.224917 0.035343
0.154145 0.229376 0.032903
0.154753 0.323540 0.032854
0.155361 0.199496 0.037354
0.155969 0.269451 0.034717
0.156577 0.215795 0.035249
0.157185 0.184969 0.033221
0.157793 0.251429 0.033080
0.158401 0.227954 0.033546
0.159009 0.255371 0.034504
0.159617 0.229041 0.032842
0.160225 0.274066 0.035468
0.160833 0.188793 0.031878
0.161441 0.259456 0.031783
0.162049 0.235843 0.033639
0.162657 0.294251 0.031844
0.163265 0.292448 0.033908
0.163873 0.248309 0.035022
0.164481 0.330537 0.033492
0.165089 0.255851 0.033554
0.165697 0.328604 0.033549
0.166305 0.264780 0.032114
0.166913 0.268988 0.034920
0.167521 0.281976 0.033643
0.168129 0.265367 0.032208
0.168737 0.225976 0.033791
0.169345 0.311164 0.033033
0.169953 0.317276 0.031483
0.170561 0.275565 0.033056
0.171169 0.311679 0.032024
0.171777 0.266397 0.032399
0.172385 0.268705 0.031939
0.172993 0.278427 0.031213
0.173601 0.310913 0.030821
0.174209 0.301990 0.030970
0.174817 0.316516 0.034312
0.175425 0.300144 0.032463
0.176033 0.264702 0.032788
0.176641 0.338133 0.032117
0.177250 0.297799 0.035854
0.177858 0.328193 0.032450
0.178466 0.284978 0.034240
0.179074 0.248166 0.032775
0.179682 0.318885 0.033403
0.180290 0.254180 0.032718
0.180898 0.298309 0.032172
0.181506 0.271003 0.032527
0.182114 0.269069 0.031232
0.182722 0.225333 0.030332
0.183330 0.269564 0.033076
0.183938 0.307464 0.031957
0.184546 0.275056 0.031451
0.185154 0.376800 0.033878
0.185762 0.324519 0.030157
0.186370 0.331908 0.031166
0.186978 0.335353 0.030537
0.187586 0.260450 0.030798
0.188194 0.291211 0.030927
0.188802 0.305107 0.030228
0.189410 0.292196 0.031567
0.190018 0.344118 0.029166
0.190626 0.329888 0.032882
0.191234 0.406804 0.028873
0.191842 0.333951 0.030891
0.192450 0.299031 0.031522
0.193058 0.339587 0.032002
0.193666 0.261917 0.031286
0.194274 0.366562 0.031221
0.194882 0.298398 0.031510
0.195490 0.319476 0.029111
0.196098 0.306528 0.028220
0.196706 0.269042 0.031221
0.197314 0.321945 0.029362
0.197922 0.290462 0.030610
0.198530 0.247876 0.029980
0.199138 0.302943 0.029443
0.199746 0.261079 0.030352
0.200354 0.287915 0.029081
0.200962 0.236604 0.028391
0.201570 0.225227 0.029513
0.202178 0.232883 0.029148
0.202786 0.231855 0.028473
0.203394 0.231496 0.028151
0.204002 0.216603 0.030084
0.204610 0.284105 0.030104
0.205218 0.289358 0.028434
0.205826 0.327203 0.030547
0.206434 0.328027 0.028238
0.207042 0.265683 0.028528
0.207650 0.300341 0.027487
0.208258 0.264192 0.027461
0.208866 0.281933 0.030286
0.209474 0.303075 0.030544
0.210082 0.265372 0.028313
0.210690 0.311835 0.028797
0.211298 0.283360 0.028464
0.211906 0.282701 0.027880
0.212514 0.297441 0.027403
0.213122 0.270608 0.029353
0.213730 0.300086 0.027745
0.214338 0.313181 0.029533
0.214946 0.287454 0.027914
0.215554 0.318203 0.027305
0.216162 0.277651 0.027255
0.216770 0.310510 0.028122
0.217378 0.299661 0.028750
0.217986 0.278604 0.027670
0.218594 0.254825 0.028741
0.219202 0.278682 0.027708
0.219810 0.313115 0.028144
0.220418 0.300243 0.027266
0.221025 0.282319 0.028499
0.221633 0.305685 0.028997
0.222241 0.306487 0.029030
0.222849 0.278971 0.027891
0.223457 0.254665 0.029267
0.224065 0.277657 0.027827
0.224673 0.270087 0.026282
0.225281 0.301377 0.027655
0.225889 0.302678 0.025643
0.226497 0.255526 0.025788
0.227105 0.268387 0.028651
0.227713 0.259011 0.026773
0.228321 0.267827 0.028224
0.228929 0.286388 0.028265
0.229537 0.279314 0.027767
0.230145 0.277767 0.025068
0.230753 0.263155 0.026499
0.231361 0.271740 0.028502
0.231969 0.243463 0.025086
0.232577 0.244776 0.027587
0.233185 0.248889 0.026994
0.233793 0.238190 0.027420
0.234401 0.273790 0.029252
0.235009 0.301455 0.030649
0.235617 0.297589 0.027620
0.236225 0.323386 0.029886
0.236833 0.285140 0.026245
0.237441 0.249478 0.026031
0.238049 0.281921 0.026922
0.238657 0.295138 0.026406
0.239265 0.290996 0.026858
0.239873 0.236565 0.027636
0.240481 0.242689 0.026384
0.241089 0.280486 0.026261
0.241697 0.318476 0.026497
0.242304 0.272773 0.026878
0.242912 0.309625 0.025857
0.243520 0.292452 0.026159
0.244128 0.281328 0.026716
0.244736 0.279905 0.024522
0.245344 0.285688 0.026463
0.245952 0.279063 0.026276
0.246560 0.269437 0.027380
0.247168 0.232035 0.026833
0.247776 0.294681 0.025043
0.248384 0.236714 0.026261
0.248992 0.288272 0.025314
0.249600 0.263032 0.023950
0.250208 0.269283 0.025488
0.250816 0.292595 0.024900
0.251424 0.307635 0.026563
0.252032 0.290141 0.024619
0.252640 0.272934 0.025705
0.253248 0.336369 0.025289
0.253856 0.260259 0.026122
0.254464 0.265384 0.026311
0.255072 0.238723 0.025589
0.255679 0.275079 0.026272
0.256287 0.256660 0.026149
0.256895 0.273747 0.024747
0.257503 0.215706 0.025764
0.258111 0.221530 0.026543
0.258719 0.263973 0.024780
0.259327 0.253642 0.024235
0.259935 0.311708 0.025625
0.260543 0.258109 0.024524
0.261151 0.291593 0.025167
0.261759 0.313610 0.025053
0.262367 0.273008 0.022978
0.262975 0.275763 0.024275
0.263583 0.253073 0.024500
0.264191 0.235533 0.024813
0.264799 0.239907 0.024625
0.265407 0.242341 0.024516
0.266014 0.276285 0.025411
0.266622 0.297451 0.024825
0.267230 0.299216 0.024481
0.267838 0.291501 0.025410
0.268446 0.263007 0.024814
0.269054 0.297696 0.024088
0.269662 0.265252 0.024969
0.270270 0.296720 0.024504
0.270878 0.234792 0.024773
0.271486 0.285413 0.023403
0.272094 0.239816 0.023331
0.272702 0.277329 0.023233
0.273310 0.264739 0.023422
0.273918 0.237661 0.025263
0.274526 0.279559 0.024717
0.275133 0.223535 0.024795
0.275741 0.292586 0.023226
0.276349 0.241700 0.023893
0.276957 0.263998 0.022181
0.277565 0.273754 0.024287
0.278173 0.288589 0.024380
0.278781 0.289873 0.025300
0.279389 0.254783 0.022752
0.279997 0.259855 0.025448
0.280605 0.282784 0.024362
0.281213 0.277774 0.023732
0.281821 0.303383 0.023257
0.282429 0.304103 0.022306
0.283036 0.268472 0.023350
0.283644 0.295809 0.023654
0.284252 0.286707 0.023325
0.284860 0.291354 0.023493
0.285468 0.293412 0.024014
0.286076 0.281327 0.023201
0.286684 0.282332 0.022856
0.287292 0.280437 0.022883
0.287900 0.287763 0.022198
0.288508 0.265477 0.023667
0.289116 0.278149 0.023817
0.289723 0.241162 0.021126
0.290331 0.286855 0.022862
0.290939 0.292861 0.022827
0.291547 0.270108 0.023066
0.292155 0.280877 0.022846
0.292763 0.260339 0.022429
0.293371 0.269273 0.022881
0.293979 0.272094 0.022021
0.294587 0.234523 0.022556
0.295195 0.272268 0.022070
0.295803 0.245307 0.021010
0.296410 0.281481 0.023046
0.297018 0.256233 0.021370
0.297626 0.273079 0.023234
0.298234 0.301915 0.022334
0.298842 0.271952 0.022201
0.299450 0.287781 0.021266
0.300058 0.281728 0.022051
0.300666 0.274826 0.021070
0.301274 0.231454 0.021585
0.301881 0.301394 0.021583
0.302489 0.270382 0.020443
0.303097 0.256063 0.022107
0.303705 0.246954 0.021829
0.304313 0.266867 0.022256
0.304921 0.232671 0.021137
0.305529 0.252400 0.021404
0.306137 0.264999 0.021215
0.306745 0.269734 0.020437
0.307353 0.274072 0.021067
0.307960 0.270138 0.020139
0.308568 0.251290 0.020962
0.309176 0.276636 0.021169
0.309784 0.275671 0.019940
0.310392 0.271566 0.021801
0.311000 0.290630 0.022270
0.311608 0.280183 0.020453
0.312216 0.225692 0.029141
0.312823 0.282160 0.026850
0.313431 0.276569 0.020891
0.314039 0.268675 0.022522
0.314647 0.250309 0.024164
0.315255 0.302342 0.024929
0.315863 0.299433 0.026040
0.316471 0.337407 0.028680
0.317079 0.291637 0.028485
0.317686 0.315722 0.030734
0.318294 0.309381 0.030167
0.318902 0.272260 0.036937
0.319510 0.309004 0.042865
0.320118 0.341811 0.071032
