0.010641 5.423092 0.962212
0.011250 6.430800 0.695203
0.011858 6.201470 0.465884
0.012466 5.460895 11.457522
0.013074 5.283623 0.515267
0.013682 5.417663 0.381421
0.014290 5.506905 0.522065
0.014898 4.843014 0.354061
0.015506 5.314533 0.409470
0.016114 5.078534 0.213840
0.016722 4.701832 0.345049
0.017330 4.510788 0.329195
0.017938 4.238542 0.346126
0.018546 4.666458 0.239997
0.019155 4.317106 0.260530
0.019763 4.050597 0.190077
0.020371 3.823426 0.205338
0.020979 4.305802 0.230913
0.021587 3.897549 0.158190
0.022195 4.385272 0.197981
0.022803 4.035717 0.140884
0.023411 4.081578 0.167057
0.024019 3.863175 0.164840
0.024627 3.812448 0.185413
0.025235 3.766737 0.125107
0.025843 3.568740 0.137254
0.026452 3.801250 0.112452
0.027060 3.863273 0.124011
0.027668 3.852830 0.129044
0.028276 3.873203 0.133758
0.028884 3.934801 0.123222
0.029492 3.798376 0.123074
0.030100 3.783571 0.117544
0.030708 3.836038 0.127287
0.031316 3.787644 0.116239
0.031924 3.493129 0.123029
0.032532 3.716645 0.113830
0.033140 3.462367 0.115670
0.033748 3.571581 0.115540
0.034357 3.311714 0.093882
0.034965 3.566973 0.102920
0.035573 3.422853 0.095990
0.036181 3.409567 0.098965
0.036789 3.416437 0.093865
0.037397 3.222722 0.086038
0.038005 3.191024 0.097095
0.038613 3.260572 0.089323
0.039221 3.282207 0.084746
0.039829 3.340645 0.075484
0.040437 3.309858 0.079506
0.041045 3.258766 0.085697
0.041654 3.142291 0.085494
0.042262 3.102168 0.092224
0.042870 3.114282 0.092944
0.043478 2.922549 0.078572
0.044086 2.969285 0.080860
0.044694 2.938339 0.072759
0.045302 2.858368 0.079313
0.045910 2.956911 0.076979
0.046518 2.795266 0.066465
0.047126 2.657018 0.087783
0.047734 2.801446 0.080194
0.048342 2.666261 0.078573
0.048950 2.659511 0.071229
0.049559 2.596874 0.077142
0.050167 2.612228 0.066213
0.050775 2.613972 0.072258
0.051383 2.473890 0.069063
0.051991 2.449825 0.076174
0.052599 2.451207 0.063850
0.053207 2.355600 0.063278
0.053815 2.406535 0.067061
0.054423 2.402768 0.064751
0.055031 2.258900 0.073262
0.055639 2.333562 0.066791
0.056247 2.133391 0.066494
0.056855 2.263663 0.074713
0.057463 2.098785 0.072474
0.058072 2.270126 0.057598
0.058680 2.172663 0.075348
0.059288 2.172096 0.063807
0.059896 2.005977 0.068644
0.060504 1.956766 0.057310
0.061112 2.003806 0.067282
0.061720 1.908409 0.058471
0.062328 1.920598 0.062244
0.062936 1.791261 0.062243
0.063544 1.833528 0.081426
0.064152 1.781585 0.064484
0.064760 1.833456 0.059439
0.065368 1.748249 0.058433
0.065977 1.658122 0.072980
0.066585 1.719146 0.065263
0.067193 1.602518 0.057413
0.067801 1.647160 0.068275
0.068409 1.547382 0.056991
0.069017 1.635511 0.055072
0.069625 1.577741 0.057861
0.070233 1.531617 0.062463
0.070841 1.626523 0.050970
0.071449 1.398772 0.058833
0.072057 1.547806 0.057469
0.072665 1.437317 0.060599
0.073273 1.448180 0.048988
0.073881 1.385739 0.055501
0.074490 1.301119 0.055639
0.075098 1.324928 0.048974
0.075706 1.270074 0.052484
0.076314 1.330867 0.051657
0.076922 1.192023 0.047935
0.077530 1.218111 0.054118
0.078138 1.017053 0.049544
0.078746 1.031735 0.052120
0.079354 1.093156 0.053388
0.079962 1.100421 0.051144
0.080570 1.175372 0.050378
0.081178 1.009461 0.050817
0.081786 1.111088 0.056588
0.082394 0.988682 0.054222
0.083002 1.036973 0.050212
0.083611 1.002521 0.053037
0.084219 0.942266 0.049735
0.084827 0.963649 0.047420
0.085435 0.977780 0.050318
0.086043 0.890025 0.051804
0.086651 0.852220 0.046237
0.087259 0.940610 0.045332
0.087867 0.806914 0.046630
0.088475 0.779545 0.045294
0.089083 0.732112 0.045867
0.089691 0.658038 0.046761
0.090299 0.714327 0.047082
0.090907 0.770711 0.045845
0.091515 0.660560 0.050623
0.092123 0.753635 0.047303
0.092732 0.681971 0.049281
0.093340 0.637776 0.043999
0.093948 0.708082 0.041292
0.094556 0.751001 0.045154
0.095164 0.594646 0.043573
0.095772 0.595163 0.045248
0.096380 0.565287 0.046416
0.096988 0.493474 0.049006
0.097596 0.497486 0.045809
0.098204 0.548858 0.049309
0.098812 0.503680 0.047083
0.099420 0.468957 0.043798
0.100028 0.474522 0.043280
0.100636 0.482295 0.045784
0.101244 0.465026 0.041603
0.101852 0.468209 0.041869
0.102461 0.404345 0.045093
0.103069 0.418245 0.038220
0.103677 0.412841 0.042432
0.104285 0.338737 0.042976
0.104893 0.433854 0.040028
0.105501 0.329616 0.041251
0.106109 0.317048 0.048149
0.106717 0.390750 0.040723
0.107325 0.344953 0.042726
0.107933 0.370887 0.045082
0.108541 0.280346 0.040342
0.109149 0.302707 0.041156
0.109757 0.299122 0.043258
0.110365 0.264020 0.043417
0.110973 0.376439 0.047431
0.111581 0.255393 0.043831
0.112189 0.352332 0.043761
0.112798 0.211219 0.043371
0.113406 0.325335 0.045134
0.114014 0.259032 0.041563
0.114622 0.221702 0.037080
0.115230 0.249974 0.038386
0.115838 0.232650 0.039870
0.116446 0.262348 0.037276
0.117054 0.220921 0.038912
0.117662 0.200325 0.041229
0.118270 0.237074 0.042705
0.118878 0.222717 0.042485
0.119486 0.250219 0.041081
0.120094 0.227863 0.037537
0.120702 0.171371 0.040729
0.121310 0.144494 0.039489
0.121918 0.067664 0.037961
0.122526 0.093592 0.037759
0.123134 0.105203 0.037927
0.123742 0.183625 0.040699
0.124351 0.128522 0.037241
0.124959 0.113435 0.038067
0.125567 0.116404 0.039344
0.126175 0.099911 0.039536
0.126783 0.116808 0.040057
0.127391 0.088560 0.038227
0.127999 0.046206 0.037190
0.128607 0.121978 0.037658
0.129215 0.121091 0.038351
0.129823 0.051440 0.038903
0.130431 0.114787 0.038609
0.131647 0.150603 0.034298
0.132255 0.147972 0.037764
0.132863 0.096978 0.041137
0.133471 0.161350 0.037195
0.134079 0.070223 0.037503
0.134687 0.078375 0.037748
0.136511 0.056934 0.044234
0.137119 0.063653 0.039450
0.137728 0.080429 0.039143
0.138336 0.093842 0.037294
0.138944 0.001633 0.036764
0.139552 0.064135 0.039927
0.140768 0.028902 0.038992
0.141376 0.043816 0.038673
0.141984 0.083674 0.037675
0.142592 0.106487 0.034021
0.143200 0.055752 0.032689
0.143808 0.013103 0.039557
0.144416 0.011914 0.035378
0.145024 0.002624 0.036514
0.145632 0.000886 0.035652
0.146240 0.001274 0.035126
0.148064 0.044652 0.035171
0.148672 0.066636 0.034959
0.149280 0.050892 0.036494
0.149888 0.024138 0.035307
0.151104 0.016783 0.033818
0.151712 0.017286 0.035042
0.152320 0.045502 0.032533
0.152928 0.051005 0.035938
0.153537 0.033494 0.035951
0.154145 0.026341 0.035447
0.155361 0.018638 0.033956
0.155969 0.024231 0.033366
0.157793 0.054302 0.031549
0.158401 0.035091 0.031307
0.159009 0.048374 0.033048
0.159617 0.009695 0.033398
0.162049 0.017109 0.031262
0.163265 0.018593 0.030789
0.167521 0.040306 0.032128
0.168129 0.055759 0.030875
0.169345 0.048211 0.033471
0.169953 0.002767 0.034179
0.172993 0.016176 0.032753
0.173601 0.012500 0.032230
0.174817 0.059662 0.036625
0.176641 0.008314 0.032062
0.177250 0.008854 0.032071
0.177858 0.060893 0.035391
0.178466 0.039169 0.034385
0.179074 0.017322 0.031843
0.179682 0.047730 0.033559
0.180290 0.025921 0.031654
0.180898 0.065997 0.030669
0.181506 0.024834 0.030969
0.182114 0.042810 0.031576
0.182722 0.050682 0.030960
0.183330 0.036557 0.031101
0.183938 0.064586 0.029790
0.184546 0.033087 0.031568
0.187586 0.025213 0.032455
0.188194 0.045905 0.027925
0.188802 0.036516 0.033666
0.189410 0.038394 0.029658
0.190018 0.053790 0.028600
0.190626 0.030288 0.029719
0.191234 0.018736 0.030154
0.193666 0.032498 0.030786
0.194882 0.039758 0.029588
0.195490 0.020619 0.030828
0.196098 0.071930 0.030770
0.196706 0.002143 0.030919
0.197314 0.004783 0.029873
0.198530 0.009547 0.028846
0.199138 0.026674 0.029455
0.199746 0.047407 0.029532
0.200354 0.050209 0.029616
0.200962 0.009694 0.029981
0.202178 0.029690 0.030625
0.205826 0.036472 0.028292
0.206434 0.017617 0.028126
0.208258 0.000640 0.028821
0.208866 0.012123 0.028857
0.209474 0.015154 0.028943
0.210082 0.066057 0.027097
0.210690 0.099278 0.027700
0.211298 0.062451 0.028539
0.211906 0.042111 0.027634
0.212514 0.010718 0.028218
0.213122 0.014243 0.028256
0.214946 0.009754 0.028942
0.216162 0.034530 0.027986
0.217378 0.052761 0.026452
0.218594 0.015540 0.027417
0.219202 0.005644 0.028334
0.219810 0.015668 0.027632
0.220418 0.044004 0.028789
0.221025 0.011397 0.027851
0.221633 0.021458 0.027569
0.222241 0.022493 0.027826
0.224065 0.007642 0.025922
0.224673 0.005740 0.026254
0.225281 0.011108 0.029507
0.226497 0.019050 0.027229
0.227105 0.077415 0.028427
0.228321 0.010340 0.026590
0.228929 0.001694 0.026899
0.230145 0.021273 0.026520
0.230753 0.024140 0.026622
0.231361 0.027539 0.025867
0.231969 0.043869 0.027029
0.233185 0.023197 0.027289
0.233793 0.038040 0.026099
0.235617 0.010696 0.026646
0.236833 0.021506 0.024785
0.238049 0.010193 0.027066
0.239265 0.024584 0.026246
0.239873 0.063188 0.026324
0.241089 0.041870 0.025753
0.248992 0.002441 0.026729
0.249600 0.034961 0.024597
0.250208 0.012072 0.025813
0.250816 0.009706 0.027894
0.258111 0.001910 0.025033
0.260543 0.017922 0.025115
0.262975 0.004770 0.024274
0.270270 0.051192 0.023937
0.270878 0.016808 0.024300
0.271486 0.045977 0.023273
0.272094 0.007423 0.023511
0.273310 0.023771 0.022656
0.273918 0.019727 0.023937
0.274526 0.028231 0.023993
0.275133 0.063656 0.023777
0.275741 0.032508 0.024303
0.277565 0.004166 0.022779
0.278781 0.036585 0.021851
0.279389 0.028243 0.022182
0.279997 0.034603 0.024402
0.281213 0.001194 0.023614
0.281821 0.022147 0.023083
0.282429 0.010577 0.022657
0.283036 0.026808 0.025192
0.284860 0.024489 0.024522
0.288508 0.022414 0.022505
0.289116 0.018866 0.023521
0.289723 0.003683 0.020446
0.290331 0.053734 0.022420
0.292155 0.017021 0.022278
0.292763 0.010265 0.024639
0.293371 0.023085 0.034147
0.293979 0.005183 0.022712
0.294587 0.036132 0.023296
0.295195 0.014027 0.022452
0.295803 0.035813 0.024069
0.296410 0.004913 0.023117
0.297018 0.006551 0.021731
0.297626 0.006683 0.021501
0.298234 0.008113 0.024116
0.298842 0.032813 0.022551
0.299450 0.017235 0.021746
0.300058 0.005420 0.021766
0.300666 0.020147 0.020394
0.301274 0.014980 0.021302
0.301881 0.011859 0.022173
0.306137 0.003706 0.021502
0.306745 0.017239 0.020292
0.307353 0.008167 0.020660
0.308568 0.028142 0.020689
0.309176 0.005838 0.021631
0.310392 0.001128 0.022006
0.311608 0.011927 0.020050
0.313431 0.011381 0.021125
0.314039 0.036920 0.022514
0.314647 0.004996 0.022753
0.315255 0.017655 0.024669
0.317079 0.110903 0.026433
0.317686 0.011979 0.032203
0.318294 0.119051 0.033278
0.318902 0.046849 0.032800
0.319510 0.037081 0.046271
