0.010641 11.923345 0.792355
0.011250 16.000695 0.617508
0.011858 16.777870 0.885588
0.012466 12.457665 11.068813
0.013074 15.604790 0.340357
0.013682 16.096804 0.486089
0.014290 16.382398 0.527806
0.014898 16.102654 0.387625
0.015506 16.802827 0.599312
0.016114 16.935200 0.357773
0.016722 16.815561 0.372040
0.017330 16.577070 0.219042
0.017938 16.673779 0.231399
0.018546 16.841060 0.354975
0.019155 16.936414 0.258260
0.019763 16.223330 0.238451
0.020371 16.138657 0.234100
0.020979 16.364575 0.219760
0.021587 16.301296 0.191538
0.022195 16.435597 0.181938
0.022803 16.204351 0.182033
0.023411 16.279520 0.184541
0.024019 15.981972 0.133034
0.024627 15.934901 0.144958
0.025235 15.571408 0.106275
0.025843 15.311170 0.157888
0.026452 15.437949 0.128897
0.027060 15.561788 0.123375
0.027668 15.424128 0.111133
0.028276 15.424032 0.099052
0.028884 15.442632 0.127272
0.029492 15.072293 0.128797
0.030100 15.128384 0.126829
0.030708 14.887997 0.119641
0.031316 14.915806 0.119384
0.031924 14.415795 0.114069
0.032532 14.485272 0.103932
0.033140 14.248012 0.109863
0.033748 14.370465 0.121799
0.034357 14.198743 0.117328
0.034965 14.266699 0.115332
0.035573 13.904229 0.122785
0.036181 13.683344 0.121513
0.036789 13.641609 0.109446
0.037397 13.553064 0.102081
0.038005 13.274842 0.104283
0.038613 13.311622 0.092515
0.039221 13.326131 0.101199
0.039829 13.114425 0.100497
0.040437 12.901803 0.099632
0.041045 12.876329 0.089143
0.041654 12.672393 0.087179
0.042262 12.463123 0.090310
0.042870 12.357028 0.093659
0.043478 12.097453 0.091235
0.044086 12.071142 0.089852
0.044694 11.943378 0.083080
0.045302 11.857018 0.089672
0.045910 11.603680 0.095441
0.046518 11.355562 0.085454
0.047126 10.965318 0.084779
0.047734 11.082935 0.079272
0.048342 10.842908 0.064681
0.048950 10.672972 0.083698
0.049559 10.685407 0.077383
0.050167 10.381014 0.073251
0.050775 10.335498 0.083234
0.051383 10.133577 0.077200
0.051991 10.142809 0.077302
0.052599 9.977256 0.066030
0.053207 9.713072 0.069617
0.053815 9.591159 0.078237
0.054423 9.400354 0.074833
0.055031 9.311268 0.082052
0.055639 9.279210 0.080199
0.056247 9.025476 0.070276
0.056855 8.991845 0.076831
0.057463 8.806691 0.077000
0.058072 8.781977 0.075173
0.058680 8.689877 0.080615
0.059288 8.551216 0.072729
0.059896 8.323207 0.073307
0.060504 8.146472 0.066998
0.061112 8.058217 0.070026
0.061720 7.810304 0.070605
0.062328 7.762436 0.063066
0.062936 7.670681 0.071111
0.063544 7.454228 0.081643
0.064152 7.487131 0.071516
0.064760 7.318174 0.070053
0.065368 7.165746 0.061031
0.065977 6.979324 0.065876
0.066585 7.011424 0.066984
0.067193 6.800632 0.071152
0.067801 6.759999 0.072512
0.068409 6.580474 0.065719
0.069017 6.475890 0.066393
0.069625 6.397607 0.060112
0.070233 6.273570 0.066283
0.070841 6.224519 0.055887
0.071449 6.004245 0.057613
0.072057 6.075448 0.059375
0.072665 5.781476 0.057992
0.073273 5.729789 0.055554
0.073881 5.574700 0.055462
0.074490 5.476474 0.057597
0.075098 5.374017 0.064622
0.075706 5.284469 0.085850
0.076314 5.187345 0.057762
0.076922 5.108398 0.082843
0.077530 4.962166 0.068355
0.078138 4.768033 0.064341
0.078746 4.784313 0.057238
0.079354 4.622778 0.057817
0.079962 4.616511 0.062571
0.080570 4.554852 0.051808
0.081178 4.340841 0.048035
0.081786 4.380687 0.061286
0.082394 4.176630 0.059275
0.083002 4.145316 0.057688
0.083611 4.094908 0.054964
0.084219 3.962718 0.053095
0.084827 3.883350 0.055677
0.085435 3.778529 0.053948
0.086043 3.629044 0.056145
0.086651 3.659772 0.047976
0.087259 3.585678 0.051933
0.087867 3.431488 0.050136
0.088475 3.287406 0.043150
0.089083 3.190036 0.048073
0.089691 3.147386 0.054015
0.090299 3.027667 0.047412
0.090907 3.069742 0.051642
0.091515 2.883484 0.049067
0.092123 2.840287 0.051194
0.092732 2.852203 0.049308
0.093340 2.703851 0.053464
0.093948 2.737064 0.047201
0.094556 2.698131 0.050088
0.095164 2.589356 0.047493
0.095772 2.517021 0.046452
0.096380 2.435195 0.049928
0.096988 2.396195 0.047813
0.097596 2.358654 0.044548
0.098204 2.231112 0.049211
0.098812 2.192263 0.047624
0.099420 2.094882 0.045773
0.100028 2.009026 0.043254
0.100636 2.009059 0.047777
0.101244 1.897577 0.046402
0.101852 1.907601 0.045128
0.102461 1.799788 0.043398
0.103069 1.813653 0.043974
0.103677 1.697999 0.047097
0.104285 1.587236 0.041647
0.104893 1.662280 0.043475
0.105501 1.564385 0.039949
0.106109 1.569173 0.047430
0.106717 1.562047 0.041208
0.107325 1.472895 0.044749
0.107933 1.463391 0.047497
0.108541 1.360399 0.038839
0.109149 1.258188 0.043115
0.109757 1.266906 0.041810
0.110365 1.173632 0.040491
0.110973 1.193303 0.041915
0.111581 1.125189 0.040966
0.112189 1.132774 0.041480
0.112798 1.023401 0.043657
0.113406 1.073190 0.047957
0.114014 1.028162 0.041422
0.114622 0.998241 0.042384
0.115230 0.927372 0.040263
0.115838 0.866026 0.043704
0.116446 0.927086 0.039219
0.117054 0.832127 0.039394
0.117662 0.909456 0.040933
0.118270 0.847380 0.043919
0.118878 0.823500 0.042184
0.119486 0.780162 0.041435
0.120094 0.745685 0.042026
0.120702 0.798927 0.039611
0.121310 0.701309 0.045235
0.121918 0.689082 0.039175
0.122526 0.641950 0.036841
0.123134 0.607581 0.037825
0.123742 0.684152 0.037985
0.124351 0.614752 0.037128
0.124959 0.602173 0.037726
0.125567 0.538441 0.037334
0.126175 0.518536 0.038403
0.126783 0.549652 0.036073
0.127391 0.496400 0.040024
0.127999 0.468229 0.036566
0.128607 0.479293 0.039085
0.129215 0.442355 0.037249
0.129823 0.369215 0.038400
0.130431 0.376218 0.038608
0.131039 0.350364 0.037780
0.131647 0.299220 0.038332
0.132255 0.348150 0.040222
0.132863 0.304858 0.039989
0.133471 0.426802 0.037328
0.134079 0.446984 0.036685
0.134687 0.392711 0.036108
0.135295 0.291700 0.039958
0.135903 0.298861 0.039752
0.136511 0.280093 0.040681
0.137119 0.287134 0.035987
0.137728 0.283887 0.037468
0.138336 0.298516 0.038291
0.138944 0.246113 0.037969
0.139552 0.270580 0.041764
0.140160 0.276269 0.038671
0.140768 0.306949 0.034970
0.141376 0.332183 0.037359
0.141984 0.245976 0.035401
0.142592 0.276856 0.037602
0.143200 0.208487 0.033827
0.143808 0.216231 0.036867
0.144416 0.192157 0.034492
0.145024 0.215560 0.034252
0.145632 0.152449 0.036863
0.146240 0.215342 0.034626
0.146848 0.181762 0.037311
0.147456 0.173697 0.037326
0.148064 0.207871 0.033914
0.148672 0.207768 0.033407
0.149280 0.247825 0.036589
0.149888 0.180116 0.035370
0.150496 0.183253 0.036064
0.151104 0.202561 0.035319
0.151712 0.154896 0.035130
0.152320 0.201709 0.032590
0.152928 0.161514 0.035286
0.153537 0.154620 0.034446
0.154145 0.236060 0.033659
0.154753 0.096617 0.035402
0.155361 0.167353 0.034827
0.155969 0.151297 0.030044
0.156577 0.102404 0.034103
0.157185 0.155054 0.029405
0.157793 0.196103 0.031376
0.158401 0.233273 0.033665
0.159009 0.175812 0.031742
0.159617 0.153458 0.033227
0.160225 0.114294 0.031008
0.160833 0.143096 0.034209
0.161441 0.126287 0.032087
0.162049 0.223150 0.030857
0.162657 0.167055 0.034763
0.163265 0.145874 0.032809
0.163873 0.206557 0.034229
0.164481 0.168599 0.033067
0.165089 0.099003 0.032931
0.165697 0.162153 0.032215
0.166305 0.117359 0.028939
0.166913 0.094044 0.032090
0.167521 0.187837 0.032677
0.168129 0.189722 0.029900
0.168737 0.143488 0.033781
0.169345 0.187396 0.033666
0.169953 0.123860 0.033228
0.170561 0.129028 0.027700
0.171169 0.086028 0.031054
0.171777 0.170265 0.032373
0.172385 0.200181 0.032727
0.172993 0.212041 0.033001
0.173601 0.156912 0.033600
0.174209 0.193848 0.031289
0.174817 0.210164 0.035558
0.175425 0.156291 0.032418
0.176033 0.212998 0.032126
0.176641 0.205296 0.035242
0.177250 0.214356 0.030041
0.177858 0.215101 0.035561
0.178466 0.178574 0.033115
0.179074 0.127861 0.032792
0.179682 0.178580 0.032607
0.180290 0.176010 0.035058
0.180898 0.178413 0.031308
0.181506 0.134134 0.031819
0.182114 0.201799 0.032303
0.182722 0.176124 0.032044
0.183330 0.179227 0.030541
0.183938 0.245946 0.029424
0.184546 0.134724 0.031872
0.185154 0.174511 0.033383
0.185762 0.219716 0.032235
0.186370 0.187224 0.030555
0.186978 0.164390 0.034049
0.187586 0.186594 0.031967
0.188194 0.224033 0.029692
0.188802 0.170628 0.033143
0.189410 0.212638 0.030948
0.190018 0.198472 0.030517
0.190626 0.201639 0.029196
0.191234 0.171609 0.031825
0.191842 0.156887 0.031240
0.192450 0.128272 0.031078
0.193058 0.192808 0.028038
0.193666 0.240704 0.029216
0.194274 0.157704 0.030031
0.194882 0.181634 0.031185
0.195490 0.182735 0.029335
0.196098 0.193647 0.031239
0.196706 0.181834 0.031748
0.197314 0.197200 0.031958
0.197922 0.196627 0.030587
0.198530 0.231239 0.030281
0.199138 0.188678 0.028339
0.199746 0.216197 0.027648
0.200354 0.210154 0.029393
0.200962 0.193485 0.030338
0.201570 0.169759 0.027736
0.202178 0.192317 0.029931
0.202786 0.098245 0.028438
0.203394 0.091725 0.029880
0.204002 0.167780 0.031333
0.204610 0.179032 0.030559
0.205218 0.148362 0.030397
0.205826 0.173730 0.029937
0.206434 0.180072 0.029970
0.207042 0.094333 0.028254
0.207650 0.122710 0.030397
0.208258 0.165463 0.029349
0.208866 0.160434 0.030648
0.209474 0.161814 0.029477
0.210082 0.147336 0.028273
0.210690 0.232373 0.028045
0.211298 0.180830 0.027533
0.211906 0.186046 0.027513
0.212514 0.183834 0.028039
0.213122 0.174391 0.029216
0.213730 0.201922 0.029280
0.214338 0.209317 0.029226
0.214946 0.203013 0.029740
0.215554 0.157644 0.028773
0.216162 0.199820 0.028186
0.216770 0.128698 0.026642
0.217378 0.166762 0.027564
0.217986 0.155591 0.028932
0.218594 0.189117 0.028014
0.219202 0.195393 0.029064
0.219810 0.181112 0.026487
0.220418 0.160081 0.027526
0.221025 0.146987 0.028461
0.221633 0.085676 0.029274
0.222241 0.152653 0.027801
0.222849 0.153450 0.027636
0.223457 0.152462 0.028045
0.224065 0.184484 0.026106
0.224673 0.197557 0.025837
0.225281 0.193669 0.029330
0.225889 0.163357 0.027893
0.226497 0.154101 0.030037
0.227105 0.135749 0.025934
0.227713 0.137779 0.027004
0.228321 0.118546 0.025423
0.228929 0.098845 0.027813
0.229537 0.134351 0.024715
0.230145 0.185126 0.026920
0.230753 0.162649 0.027311
0.231361 0.210330 0.027975
0.231969 0.204293 0.026974
0.232577 0.171625 0.026052
0.233185 0.187648 0.027450
0.233793 0.170740 0.025900
0.234401 0.137001 0.027032
0.235009 0.121426 0.026217
0.235617 0.154497 0.025409
0.236225 0.147639 0.026085
0.236833 0.182134 0.025449
0.237441 0.146367 0.026141
0.238049 0.099431 0.026795
0.238657 0.159318 0.024885
0.239265 0.136615 0.027233
0.239873 0.112086 0.026251
0.240481 0.166281 0.026260
0.241089 0.163050 0.025420
0.241697 0.122251 0.027403
0.242304 0.087009 0.029249
0.242912 0.116148 0.025061
0.243520 0.115054 0.027431
0.244128 0.172731 0.026190
0.244736 0.122295 0.026899
0.245344 0.136035 0.026082
0.245952 0.145475 0.045775
0.246560 0.085756 0.026868
0.247168 0.094130 0.030013
0.247776 0.078945 0.026056
0.248384 0.093576 0.027656
0.248992 0.144521 0.026076
0.249600 0.125969 0.026304
0.250208 0.131385 0.026055
0.250816 0.154672 0.026383
0.251424 0.174308 0.026607
0.252032 0.122382 0.025270
0.252640 0.130066 0.026458
0.253248 0.084373 0.025906
0.253856 0.110008 0.024388
0.254464 0.119042 0.024521
0.255072 0.149361 0.025361
0.255679 0.124617 0.026726
0.256287 0.091066 0.025181
0.256895 0.117684 0.025897
0.257503 0.123500 0.024607
0.258111 0.089156 0.025072
0.258719 0.092917 0.025150
0.259327 0.049265 0.024802
0.259935 0.094616 0.026720
0.260543 0.106490 0.023852
0.261151 0.122352 0.024572
0.261759 0.086815 0.026840
0.262367 0.160463 0.025667
0.262975 0.157025 0.024829
0.263583 0.127296 0.025274
0.264191 0.134448 0.023542
0.264799 0.085364 0.023957
0.265407 0.111935 0.026219
0.266014 0.088847 0.025433
0.266622 0.095657 0.026298
0.267230 0.073859 0.024606
0.267838 0.109690 0.024111
0.268446 0.107299 0.026322
0.269054 0.138025 0.026661
0.269662 0.111125 0.023690
0.270270 0.140747 0.024736
0.270878 0.132613 0.024542
0.271486 0.089466 0.024354
0.272094 0.115737 0.023566
0.272702 0.041006 0.025570
0.273310 0.109598 0.023520
0.273918 0.118492 0.023021
0.274526 0.136409 0.024216
0.275133 0.131583 0.022703
0.275741 0.140099 0.023973
0.276349 0.098269 0.024751
0.276957 0.154936 0.023646
0.277565 0.120022 0.023772
0.278173 0.119272 0.023127
0.278781 0.135316 0.022571
0.279389 0.117508 0.021554
0.279997 0.113792 0.023984
0.280605 0.068826 0.023125
0.281213 0.095741 0.023296
0.281821 0.102159 0.024423
0.282429 0.143682 0.023497
0.283036 0.177378 0.023948
0.283644 0.142698 0.022562
0.284252 0.130499 0.023186
0.284860 0.131572 0.023602
0.285468 0.076753 0.023965
0.286076 0.074601 0.022086
0.286684 0.060578 0.023102
0.287292 0.109231 0.022487
0.287900 0.075493 0.022413
0.288508 0.094070 0.022939
0.289116 0.124032 0.023008
0.289723 0.125201 0.021785
0.290331 0.138643 0.023287
0.290939 0.118166 0.023607
0.291547 0.086920 0.021967
0.292155 0.115995 0.022206
0.292763 0.091207 0.025450
0.293371 0.130594 0.033783
0.293979 0.111805 0.022574
0.294587 0.149483 0.022148
0.295195 0.113041 0.022355
0.295803 0.132339 0.023214
0.296410 0.087887 0.022798
0.297018 0.110034 0.021522
0.297626 0.119558 0.020798
0.298234 0.126021 0.021515
0.298842 0.124031 0.021720
0.299450 0.145529 0.022429
0.300058 0.103869 0.021643
0.300666 0.135462 0.020641
0.301274 0.117128 0.021138
0.301881 0.152581 0.021479
0.302489 0.125916 0.020478
0.303097 0.134054 0.021765
0.303705 0.139893 0.022078
0.304313 0.135794 0.024666
0.304921 0.136225 0.021357
0.305529 0.112428 0.021229
0.306137 0.120977 0.020467
0.306745 0.102929 0.020553
0.307353 0.129412 0.020753
0.307960 0.134518 0.020318
0.308568 0.156944 0.020479
0.309176 0.140468 0.021179
0.309784 0.137116 0.020175
0.310392 0.125998 0.021773
0.311000 0.101617 0.021461
0.311608 0.132816 0.020026
0.312216 0.102654 0.022489
0.312823 0.086601 0.021493
0.313431 0.106014 0.020421
0.314039 0.105373 0.022519
0.314647 0.139413 0.023401
0.315255 0.111201 0.024100
0.315863 0.136956 0.025220
0.316471 0.101753 0.027304
0.317079 0.159375 0.030477
0.317686 0.059565 0.031406
0.318294 0.191924 0.037341
0.318902 0.095217 0.037155
0.319510 0.138611 0.047561
0.320118 0.187523 0.077618
