0.010641 36.486749 0.900971
0.011250 39.395238 1.064989
0.011858 36.434945 1.739964
0.012466 40.534835 1.120421
0.013074 35.494804 1.548604
0.013682 40.383920 1.235439
0.014290 37.252818 1.301646
0.014898 40.866762 0.648833
0.015506 38.651903 0.649604
0.016114 39.438676 0.537497
0.016722 40.469706 0.807023
0.017330 37.918448 0.718799
0.017938 38.079510 0.722295
0.018546 37.639205 0.650846
0.019155 37.571503 0.656274
0.019763 37.355455 0.695683
0.020371 36.902838 0.665672
0.020979 37.137712 0.654221
0.021587 36.390454 0.492437
0.022195 36.041389 0.544966
0.022803 35.610819 0.542341
0.023411 35.161297 0.497806
0.024019 33.680936 0.450398
0.024627 33.296277 0.528364
0.025235 32.850670 0.412578
0.025843 32.814634 0.390388
0.026452 32.254973 0.366856
0.027060 31.675196 0.349017
0.027668 31.348539 0.320568
0.028276 31.138711 0.369552
0.028884 30.660050 0.359815
0.029492 30.381191 0.296089
0.030100 29.604168 0.403844
0.030708 29.566621 0.314570
0.031316 28.946830 0.314996
0.031924 28.696318 0.313156
0.032532 28.088175 0.343598
0.033140 27.354546 0.272047
0.033748 27.019653 0.351284
0.034357 26.751530 0.306605
0.034965 26.376813 0.306678
0.035573 25.842865 0.296340
0.036181 25.837192 0.296146
0.036789 25.689617 0.294186
0.037397 24.878835 0.312481
0.038005 25.105421 0.275773
0.038613 25.076417 0.234935
0.039221 24.643168 0.271589
0.039829 24.420766 0.261099
0.040437 23.418884 0.259502
0.041045 23.389829 0.276632
0.041654 22.836245 0.299686
0.042262 22.672525 0.257043
0.042870 22.153144 0.266730
0.043478 21.767081 0.226205
0.044086 21.597169 0.247732
0.044694 21.426552 0.242805
0.045302 21.430036 0.244629
0.045910 21.159551 0.260259
0.046518 20.693582 0.241987
0.047126 20.550863 0.219458
0.047734 19.646188 0.231055
0.048342 19.847736 0.237706
0.048950 19.073429 0.211612
0.049559 19.147417 0.241139
0.050167 18.809687 0.227261
0.050775 18.929349 0.191354
0.051383 18.568243 0.203251
0.051991 18.318122 0.201153
0.052599 17.862287 0.188695
0.053207 17.541286 0.207935
0.053815 17.205661 0.180247
0.054423 16.776687 0.231810
0.055031 16.691375 0.182378
0.055639 16.731242 0.201720
0.056247 16.257682 0.186356
0.056855 16.087481 0.184161
0.057463 15.465675 0.202495
0.058072 15.213342 0.188587
0.058680 15.013501 0.214375
0.059288 14.720481 0.182046
0.059896 14.908060 0.194844
0.060504 14.643707 0.171243
0.061112 14.794477 0.193811
0.061720 14.006353 0.178814
0.062328 13.864122 0.203315
0.062936 13.159550 0.172429
0.063544 13.212185 0.187544
0.064152 13.112093 0.191269
0.064760 12.988676 0.199135
0.065368 12.357953 0.184077
0.065977 12.488265 0.196812
0.066585 11.794185 0.192256
0.067193 11.992740 0.179991
0.067801 11.655138 0.181415
0.068409 11.559563 0.145843
0.069017 10.964720 0.160431
0.069625 10.632209 0.151471
0.070233 10.533612 0.146451
0.070841 10.080685 0.156349
0.071449 10.196627 0.150529
0.072057 9.793568 0.133118
0.072665 9.772051 0.162751
0.073273 9.586378 0.157742
0.073881 9.626313 0.146745
0.074490 9.458766 0.153470
0.075098 9.345259 0.149286
0.075706 8.960138 0.161612
0.076314 8.712617 0.145866
0.076922 8.613888 0.140638
0.077530 7.966488 0.134778
0.078138 8.024540 0.152818
0.078746 7.540926 0.130390
0.079354 7.564805 0.144170
0.079962 7.249614 0.149051
0.080570 7.477144 0.131693
0.081178 7.160249 0.144901
0.081786 6.997082 0.138639
0.082394 6.875746 0.126228
0.083002 6.492221 0.141922
0.083611 6.422243 0.150687
0.084219 6.373803 0.138224
0.084827 6.360075 0.138527
0.085435 6.134825 0.118018
0.086043 5.987488 0.137607
0.086651 6.058420 0.132960
0.087259 5.608418 0.139091
0.087867 5.446682 0.121996
0.088475 5.502486 0.132349
0.089083 5.386071 0.122236
0.089691 5.171990 0.125403
0.090299 4.831042 0.136802
0.090907 4.830230 0.129216
0.091515 4.733005 0.136868
0.092123 4.447644 0.109424
0.092732 4.245457 0.136462
0.093340 4.357422 0.128005
0.093948 4.222084 0.126830
0.094556 4.207772 0.121194
0.095164 4.211457 0.122719
0.095772 3.937957 0.118732
0.096380 4.017001 0.133145
0.096988 3.700191 0.115781
0.097596 3.775516 0.125409
0.098204 3.473475 0.116893
0.098812 3.558022 0.124165
0.099420 3.161313 0.125801
0.100028 3.356375 0.130963
0.100636 3.185424 0.114123
0.101244 2.934454 0.118594
0.101852 3.058746 0.116131
0.102461 3.092888 0.123716
0.103069 2.953432 0.121225
0.103677 2.812133 0.104567
0.104285 2.608532 0.111962
0.104893 2.462441 0.107787
0.105501 2.273123 0.105564
0.106109 2.442088 0.115660
0.106717 2.203031 0.104505
0.107325 2.289711 0.109591
0.107933 1.957329 0.107832
0.108541 2.066521 0.112048
0.109149 1.941152 0.104137
0.109757 1.792512 0.112147
0.110365 1.863791 0.106428
0.110973 1.591146 0.110570
0.111581 1.864325 0.103632
0.112189 1.865935 0.108262
0.112798 1.698338 0.096281
0.113406 1.705225 0.105836
0.114014 1.465427 0.107491
0.114622 1.571162 0.107834
0.115230 1.322201 0.100742
0.115838 1.587730 0.108558
0.116446 1.291243 0.100310
0.117054 1.406437 0.103797
0.117662 1.411145 0.101116
0.118270 1.107902 0.105311
0.118878 1.118861 0.102836
0.119486 1.054493 0.111965
0.120094 1.195550 0.101997
0.120702 0.975091 0.109661
0.121310 1.060194 0.094762
0.121918 1.128402 0.089213
0.122526 0.985949 0.096798
0.123134 1.064589 0.108831
0.123742 0.911344 0.099046
0.124351 0.880755 0.100402
0.124959 0.700848 0.094229
0.125567 0.883808 0.105331
0.126175 0.870132 0.095499
0.126783 0.908481 0.100653
0.127391 0.791626 0.097722
0.127999 0.678306 0.101772
0.128607 0.614987 0.105063
0.129215 0.590508 0.101061
0.129823 0.645523 0.094483
0.130431 0.613362 0.104238
0.131039 0.517719 0.102149
0.131647 0.539247 0.083848
0.132255 0.490266 0.092517
0.132863 0.556301 0.091409
0.133471 0.529205 0.095822
0.134079 0.526039 0.095212
0.134687 0.499410 0.088248
0.135295 0.658829 0.096635
0.135903 0.502272 0.107565
0.136511 0.383058 0.098008
0.137119 0.488088 0.093968
0.137728 0.371238 0.094322
0.138336 0.329706 0.094705
0.138944 0.480821 0.091738
0.139552 0.348570 0.093496
0.140160 0.378994 0.095951
0.140768 0.563587 0.099770
0.141376 0.486739 0.091494
0.141984 0.283986 0.091517
0.142592 0.303143 0.088131
0.143200 0.231382 0.100433
0.143808 0.322266 0.082555
0.144416 0.216409 0.096269
0.145024 0.371617 0.093036
0.145632 0.350431 0.095932
0.146240 0.330011 0.094487
0.146848 0.288576 0.091733
0.147456 0.275121 0.089344
0.148064 0.075791 0.084273
0.148672 0.281819 0.093450
0.149280 0.205832 0.085228
0.149888 0.279333 0.086087
0.150496 0.297953 0.087782
0.151104 0.268846 0.086138
0.151712 0.044502 0.090877
0.152320 0.200776 0.085588
0.152928 0.220781 0.085729
0.153537 0.212820 0.085727
0.154145 0.312148 0.080199
0.154753 0.164700 0.089522
0.155361 0.210310 0.087894
0.155969 0.079736 0.086865
0.156577 0.189718 0.099824
0.157185 0.174686 0.078224
0.157793 0.156915 0.089666
0.158401 0.172110 0.083956
0.159009 0.052873 0.083817
0.159617 0.248162 0.078980
0.160225 0.180739 0.084540
0.160833 0.269654 0.081357
0.161441 0.338743 0.085069
0.162049 0.357325 0.083752
0.162657 0.228501 0.080528
0.163265 0.287183 0.084035
0.164481 0.121976 0.079091
0.165089 0.198257 0.079618
0.165697 0.258316 0.081029
0.166305 0.228044 0.078896
0.166913 0.343065 0.083345
0.167521 0.350788 0.080064
0.168129 0.422066 0.089652
0.168737 0.386569 0.079532
0.169345 0.343002 0.079526
0.169953 0.093656 0.087780
0.170561 0.101953 0.088240
0.171169 0.050928 0.079256
0.171777 0.215862 0.086912
0.172385 0.140413 0.077239
0.172993 0.281977 0.083770
0.173601 0.209539 0.087705
0.174209 0.146481 0.078235
0.174817 0.242708 0.088097
0.175425 0.306281 0.080548
0.176033 0.344860 0.085843
0.176641 0.136536 0.080378
0.177250 0.401128 0.087722
0.177858 0.273863 0.080706
0.178466 0.181892 0.082947
0.179074 0.282861 0.085344
0.179682 0.139729 0.082912
0.180290 0.176447 0.083176
0.180898 0.127048 0.087121
0.181506 0.148918 0.083336
0.182114 0.074493 0.077368
0.182722 0.306864 0.076469
0.183330 0.103682 0.079964
0.183938 0.228512 0.080070
0.184546 0.264959 0.078565
0.185154 0.241437 0.079609
0.185762 0.363447 0.078689
0.186370 0.260410 0.080054
0.186978 0.305034 0.085061
0.187586 0.170267 0.079903
0.188194 0.291758 0.077381
0.188802 0.341412 0.075514
0.189410 0.373014 0.075166
0.190018 0.393087 0.076018
0.190626 0.205560 0.075355
0.191234 0.173472 0.073675
0.191842 0.236944 0.075535
0.192450 0.154089 0.076131
0.193058 0.507832 0.077583
0.193666 0.230499 0.073249
0.194274 0.268477 0.071120
0.194882 0.315008 0.077378
0.195490 0.252129 0.074188
0.196098 0.251871 0.075344
0.196706 0.208104 0.076781
0.197314 0.344489 0.071218
0.197922 0.351925 0.070539
0.198530 0.131971 0.072105
0.199138 0.231910 0.076360
0.199746 0.309982 0.076809
0.200354 0.174574 0.080832
0.200962 0.257850 0.076817
0.201570 0.296447 0.071367
0.202178 0.229427 0.074439
0.202786 0.310654 0.074175
0.203394 0.294044 0.073881
0.204002 0.134106 0.077293
0.204610 0.195302 0.078767
0.205218 0.152884 0.071011
0.205826 0.123221 0.077131
0.206434 0.241707 0.074375
0.207042 0.174365 0.078719
0.207650 0.206588 0.068507
0.208258 0.301167 0.076331
0.208866 0.281760 0.074542
0.209474 0.366739 0.065896
0.210082 0.211904 0.071660
0.210690 0.250875 0.071478
0.211298 0.184359 0.075037
0.211906 0.260839 0.070395
0.212514 0.146194 0.071262
0.213122 0.120497 0.070144
0.213730 0.115310 0.071044
0.214946 0.034914 0.073252
0.215554 0.283948 0.073561
0.216162 0.303554 0.072360
0.216770 0.311857 0.070481
0.217378 0.454582 0.067094
0.217986 0.300403 0.070508
0.218594 0.319296 0.072627
0.219202 0.284608 0.073684
0.219810 0.089605 0.076203
0.220418 0.123212 0.077246
0.221025 0.232942 0.073395
0.221633 0.058232 0.074362
0.222241 0.331522 0.072035
0.222849 0.190179 0.079430
0.223457 0.233874 0.066201
0.224065 0.133919 0.070809
0.224673 0.226465 0.063241
0.225281 0.158525 0.092030
0.225889 0.175638 0.067057
0.226497 0.144221 0.071364
0.227105 0.264605 0.068824
0.227713 0.209057 0.071933
0.228321 0.146710 0.068607
0.228929 0.089430 0.064654
0.229537 0.179311 0.070202
0.230145 0.206070 0.067982
0.230753 0.023040 0.064927
0.231361 0.123231 0.068084
0.231969 0.179901 0.071045
0.232577 0.113353 0.066716
0.233185 0.107318 0.065163
0.233793 0.255676 0.067159
0.234401 0.064521 0.067616
0.235009 0.192667 0.067073
0.235617 0.228822 0.069707
0.236225 0.183037 0.067534
0.236833 0.238081 0.073126
0.237441 0.117047 0.066052
0.238049 0.217536 0.069549
0.238657 0.089838 0.068399
0.239873 0.090129 0.064386
0.241089 0.069153 0.066993
0.241697 0.020864 0.064703
0.242304 0.049374 0.067056
0.242912 0.097472 0.061434
0.243520 0.140846 0.070428
0.244128 0.089277 0.063434
0.244736 0.078213 0.067782
0.245952 0.047541 0.062057
0.246560 0.116820 0.065625
0.247168 0.154579 0.065393
0.247776 0.057552 0.070392
0.248384 0.198353 0.065148
0.248992 0.135991 0.067406
0.249600 0.112123 0.067245
0.250208 0.100758 0.127192
0.250816 0.081491 0.137408
0.251424 0.131855 0.065312
0.252032 0.050582 0.103363
0.253248 0.054603 0.065378
0.253856 0.207744 0.064421
0.254464 0.178545 0.062597
0.255072 0.138434 0.061368
0.255679 0.081503 0.062674
0.256287 0.168821 0.068477
0.256895 0.061350 0.065223
0.257503 0.225385 0.066591
0.258111 0.068167 0.062747
0.258719 0.123475 0.075459
0.259327 0.006078 0.066417
0.259935 0.101348 0.067625
0.261151 0.180701 0.066846
0.261759 0.089597 0.065709
0.262367 0.176075 0.060929
0.262975 0.177113 0.065408
0.263583 0.104305 0.067939
0.264191 0.130212 0.064540
0.264799 0.164901 0.060870
0.265407 0.136546 0.067469
0.266014 0.061702 0.065526
0.266622 0.047836 0.060216
0.267230 0.000088 0.065521
0.267838 0.026418 0.060557
0.268446 0.013109 0.064803
0.269054 0.058463 0.062407
0.269662 0.185056 0.065353
0.270270 0.089287 0.059505
0.270878 0.022506 0.064425
0.271486 0.203632 0.061528
0.272094 0.061249 0.059687
0.272702 0.204228 0.059900
0.273310 0.017439 0.061300
0.273918 0.123814 0.061735
0.274526 0.019772 0.062368
0.275133 0.074370 0.059260
0.275741 0.053103 0.059370
0.276349 0.095940 0.057002
0.276957 0.124862 0.056429
0.277565 0.060255 0.064808
0.278173 0.227086 0.061844
0.278781 0.090801 0.057725
0.279389 0.202023 0.061439
0.279997 0.093523 0.063039
0.280605 0.077084 0.059133
0.281213 0.027195 0.061264
0.282429 0.117717 0.057066
0.283036 0.041735 0.059760
0.283644 0.124029 0.054732
0.284252 0.058888 0.056188
0.284860 0.233212 0.058456
0.285468 0.181516 0.061887
0.286076 0.145815 0.062399
0.286684 0.128404 0.062649
0.287292 0.051741 0.056646
0.287900 0.124490 0.057522
0.288508 0.164583 0.056877
0.289116 0.186505 0.054697
0.289723 0.225579 0.057046
0.290331 0.216806 0.063772
0.290939 0.114946 0.055822
0.291547 0.163956 0.060122
0.292155 0.076553 0.057771
0.292763 0.133330 0.054496
0.293371 0.152951 0.058301
0.293979 0.111533 0.056676
0.294587 0.090121 0.059576
0.295195 0.194935 0.054657
0.295803 0.103839 0.056744
0.296410 0.103337 0.054028
0.297018 0.234046 0.056301
0.297626 0.113043 0.054189
0.298234 0.183296 0.054140
0.298842 0.040596 0.053321
0.299450 0.181275 0.054417
0.300058 0.007326 0.050969
0.300666 0.183725 0.054381
0.301274 0.087381 0.055195
0.301881 0.067262 0.052154
0.302489 0.103851 0.054529
0.304313 0.024109 0.053413
0.304921 0.111736 0.053674
0.305529 0.040447 0.053569
0.306137 0.069261 0.060293
0.306745 0.116796 0.051907
0.307353 0.095891 0.054650
0.307960 0.075152 0.050213
0.308568 0.119030 0.055922
0.309176 0.035994 0.051049
0.309784 0.121394 0.053543
0.310392 0.212731 0.051294
0.311000 0.088854 0.051543
0.311608 0.092747 0.050397
0.312216 0.083198 0.053251
0.312823 0.092415 0.053626
0.313431 0.120521 0.053984
0.314039 0.173563 0.050951
0.314647 0.130705 0.053830
0.315255 0.074621 0.052231
0.315863 0.007999 0.056194
0.316471 0.085834 0.058194
0.317079 0.088605 0.058754
0.318294 0.148348 0.068499
0.318902 0.092022 0.072183
0.319510 0.127250 0.076378
0.320118 0.074376 0.085581
0.320726 0.098462 0.087374
0.321334 0.079172 0.091927
0.321942 0.093062 0.136726
