0.010641 37.005707 1.789287
0.011250 36.962602 1.178741
0.011858 39.089279 1.896109
0.012466 37.080158 0.860151
0.013074 38.655521 1.022969
0.013682 38.253162 0.663016
0.014290 39.450927 1.006589
0.014898 40.045313 0.319157
0.015506 40.120288 0.636594
0.016114 39.749222 0.697877
0.016722 40.082552 0.481398
0.017330 39.214173 0.596308
0.017938 38.131316 0.474265
0.018546 37.982858 0.464211
0.019155 36.782342 0.390429
0.019763 36.482912 0.322283
0.020371 36.497878 0.348494
0.020979 35.345416 0.513025
0.021587 36.069991 0.412505
0.022195 34.743002 0.439469
0.022803 34.476208 0.302214
0.023411 34.120069 0.344548
0.024019 33.343409 0.367556
0.024627 33.130915 0.366599
0.025235 32.325970 0.371647
0.025843 32.231082 0.352363
0.026452 31.432115 0.329204
0.027060 31.776055 0.297066
0.027668 30.610682 0.246724
0.028276 30.726980 0.276533
0.028884 30.307929 0.279145
0.029492 29.950863 0.220796
0.030100 29.208373 0.309137
0.030708 29.100213 0.256663
0.031316 28.304435 0.274876
0.031924 28.162725 0.269313
0.032532 27.914258 0.294222
0.033140 26.930077 0.260152
0.033748 26.786801 0.256088
0.034357 26.675299 0.226997
0.034965 25.865977 0.210672
0.035573 25.478629 0.210360
0.036181 25.571912 0.217011
0.036789 25.010942 0.218891
0.037397 24.911350 0.222904
0.038005 24.580288 0.211079
0.038613 24.198327 0.193609
0.039221 24.113514 0.226429
0.039829 23.573112 0.173105
0.040437 23.395260 0.184459
0.041045 22.740442 0.182506
0.041654 22.946796 0.194684
0.042262 22.255231 0.186230
0.042870 22.142645 0.196157
0.043478 21.692982 0.169050
0.044086 21.457288 0.174874
0.044694 20.930881 0.167031
0.045302 20.875991 0.195700
0.045910 20.410272 0.199885
0.046518 20.292029 0.162734
0.047126 20.099444 0.160988
0.047734 19.525833 0.145189
0.048342 19.576161 0.153749
0.048950 19.192455 0.141029
0.049559 18.937927 0.160339
0.050167 18.849947 0.137260
0.050775 18.155817 0.140582
0.051383 17.930710 0.132182
0.051991 17.805230 0.141171
0.052599 17.434250 0.150426
0.053207 17.326144 0.144958
0.053815 16.871836 0.152776
0.054423 16.669229 0.164739
0.055031 16.403286 0.135947
0.055639 16.347172 0.156848
0.056247 15.754579 0.148453
0.056855 15.615768 0.140926
0.057463 15.322815 0.139714
0.058072 14.811203 0.131320
0.058680 15.059192 0.135018
0.059288 14.547047 0.127866
0.059896 14.595966 0.128946
0.060504 14.082474 0.135057
0.061112 14.094153 0.126330
0.061720 13.766297 0.128056
0.062328 13.649221 0.131056
0.062936 13.527250 0.133283
0.063544 13.174810 0.122199
0.064152 12.783344 0.134938
0.064760 12.621240 0.134139
0.065368 12.251468 0.118961
0.065977 12.130614 0.129549
0.066585 11.810721 0.124032
0.067193 11.495147 0.126395
0.067801 11.250932 0.127285
0.068409 11.248634 0.112191
0.069017 11.048149 0.105856
0.069625 10.714473 0.108968
0.070233 10.694568 0.124131
0.070841 10.345989 0.102829
0.071449 10.180257 0.108378
0.072057 9.925553 0.103557
0.072665 9.740504 0.116557
0.073273 9.462649 0.097337
0.073881 9.443486 0.104740
0.074490 9.028360 0.095945
0.075098 9.049799 0.110001
0.075706 8.737181 0.110634
0.076314 8.573781 0.099757
0.076922 8.512992 0.099974
0.077530 8.278001 0.095827
0.078138 8.073804 0.098531
0.078746 7.841702 0.090553
0.079354 7.759850 0.087024
0.079962 7.585091 0.093454
0.080570 7.480976 0.090364
0.081178 7.051844 0.087959
0.081786 7.173095 0.089397
0.082394 6.726273 0.094634
0.083002 6.694192 0.096343
0.083611 6.412986 0.087838
0.084219 6.430129 0.090873
0.084827 6.199094 0.092196
0.085435 6.104914 0.093886
0.086043 5.856832 0.083916
0.086651 5.617249 0.090533
0.087259 5.573549 0.103727
0.087867 5.426447 0.089060
0.088475 5.303038 0.087029
0.089083 5.152859 0.088768
0.089691 5.123634 0.085136
0.090299 4.830901 0.091019
0.090907 4.852947 0.081415
0.091515 4.501684 0.096840
0.092123 4.472639 0.083086
0.092732 4.454244 0.090773
0.093340 4.388450 0.082531
0.093948 4.262182 0.085673
0.094556 3.992462 0.084996
0.095164 3.924178 0.086568
0.095772 3.759953 0.081355
0.096380 3.792154 0.093117
0.096988 3.597104 0.076759
0.097596 3.535376 0.085566
0.098204 3.455966 0.080489
0.098812 3.541002 0.083956
0.099420 3.193753 0.073826
0.100028 3.230000 0.079004
0.100636 3.093547 0.074862
0.101244 3.012883 0.077156
0.101852 2.875509 0.066621
0.102461 2.838533 0.076082
0.103069 2.817100 0.076590
0.103677 2.697547 0.069626
0.104285 2.619379 0.073839
0.104893 2.416336 0.076060
0.105501 2.375201 0.071282
0.106109 2.330536 0.067845
0.106717 2.291949 0.070581
0.107325 2.209573 0.069201
0.107933 2.150421 0.071100
0.108541 2.070445 0.069707
0.109149 1.973590 0.065248
0.109757 1.835219 0.065181
0.110365 1.895240 0.064854
0.110973 1.703101 0.065854
0.111581 1.710237 0.064628
0.112189 1.690304 0.071957
0.112798 1.600256 0.063768
0.113406 1.608973 0.069384
0.114014 1.419181 0.062352
0.114622 1.502782 0.067572
0.115230 1.335512 0.066368
0.115838 1.571793 0.068493
0.116446 1.337821 0.058922
0.117054 1.128912 0.067160
0.117662 1.134685 0.064333
0.118270 1.075142 0.068452
0.118878 0.917832 0.065779
0.119486 0.972284 0.063362
0.120094 0.946873 0.069593
0.120702 0.973067 0.061752
0.121310 0.831551 0.063100
0.121918 0.980969 0.061684
0.122526 0.719302 0.063147
0.123134 0.795583 0.060981
0.123742 0.672883 0.060694
0.124351 0.724687 0.064290
0.124959 0.629723 0.063898
0.125567 0.684717 0.067803
0.126175 0.833939 0.064682
0.126783 0.631150 0.064480
0.127391 0.682449 0.060744
0.127999 0.489473 0.058171
0.128607 0.650658 0.069657
0.129215 0.550181 0.064779
0.129823 0.553664 0.092532
0.130431 0.475925 0.065938
0.131039 0.483045 0.059751
0.131647 0.363203 0.061504
0.132255 0.474881 0.062062
0.132863 0.408346 0.059507
0.133471 0.465973 0.053522
0.134079 0.545324 0.064278
0.134687 0.371270 0.063320
0.135295 0.274101 0.061694
0.135903 0.303645 0.061062
0.136511 0.262607 0.062209
0.137119 0.215523 0.061782
0.137728 0.361505 0.063838
0.138336 0.373242 0.058955
0.138944 0.311783 0.059453
0.139552 0.298258 0.061434
0.140160 0.326030 0.057934
0.140768 0.231112 0.056528
0.141376 0.309321 0.059716
0.141984 0.305895 0.062386
0.142592 0.280021 0.060442
0.143200 0.265956 0.060923
0.143808 0.196799 0.057230
0.144416 0.239454 0.059503
0.145024 0.146575 0.055687
0.145632 0.082766 0.055644
0.146240 0.160280 0.056107
0.146848 0.109641 0.056205
0.147456 0.039040 0.056449
0.148064 0.072236 0.057187
0.148672 0.091061 0.059246
0.149280 0.240341 0.056182
0.149888 0.168273 0.059815
0.150496 0.210808 0.058057
0.151104 0.186474 0.057427
0.151712 0.159952 0.056235
0.152320 0.128483 0.057308
0.152928 0.198646 0.055820
0.154145 0.116082 0.054535
0.155361 0.068907 0.051743
0.155969 0.080124 0.050429
0.156577 0.009234 0.049907
0.157185 0.205581 0.054541
0.157793 0.075362 0.055032
0.158401 0.087975 0.053127
0.159009 0.135343 0.056284
0.159617 0.146563 0.054009
0.160225 0.148335 0.053723
0.160833 0.091470 0.052137
0.161441 0.095656 0.054534
0.162049 0.080827 0.050909
0.162657 0.007725 0.055195
0.163265 0.101935 0.053566
0.163873 0.096955 0.054153
0.164481 0.023993 0.053705
0.165089 0.146204 0.055817
0.165697 0.081289 0.056528
0.166305 0.108980 0.048412
0.166913 0.165843 0.056358
0.167521 0.123296 0.052091
0.168129 0.075512 0.050621
0.168737 0.081527 0.050077
0.169345 0.111473 0.051028
0.169953 0.150366 0.053474
0.170561 0.047753 0.050579
0.171169 0.050430 0.052046
0.171777 0.073127 0.059632
0.172385 0.009540 0.053605
0.172993 0.119188 0.049376
0.173601 0.224308 0.054370
0.174209 0.207040 0.050507
0.174817 0.171411 0.052188
0.175425 0.143337 0.051693
0.176033 0.199167 0.051099
0.176641 0.044812 0.049104
0.177250 0.233801 0.052338
0.177858 0.087522 0.052004
0.178466 0.059238 0.052170
0.179074 0.158074 0.051507
0.179682 0.185073 0.053342
0.180290 0.225703 0.049420
0.180898 0.198986 0.048007
0.181506 0.198664 0.053689
0.182114 0.174521 0.050974
0.182722 0.230213 0.053431
0.183330 0.103934 0.051262
0.183938 0.110109 0.053081
0.184546 0.108804 0.048068
0.185154 0.041819 0.050183
0.185762 0.178611 0.052091
0.186370 0.114484 0.049996
0.186978 0.144875 0.047556
0.187586 0.107866 0.048341
0.188194 0.109347 0.046918
0.188802 0.170843 0.048883
0.189410 0.119407 0.050872
0.190018 0.134431 0.051922
0.190626 0.167101 0.051213
0.191234 0.078819 0.049708
0.191842 0.181952 0.049493
0.192450 0.142673 0.051010
0.193058 0.166045 0.049109
0.193666 0.130955 0.048705
0.194274 0.109363 0.051300
0.194882 0.124796 0.047929
0.195490 0.176266 0.048457
0.196098 0.166866 0.044258
0.196706 0.103245 0.048121
0.197314 0.016537 0.046887
0.197922 0.061356 0.048627
0.198530 0.031169 0.050186
0.199138 0.112952 0.046756
0.199746 0.141159 0.048640
0.200354 0.115269 0.048595
0.200962 0.036294 0.046865
0.201570 0.093069 0.044819
0.202178 0.031529 0.048040
0.202786 0.217469 0.042749
0.203394 0.165134 0.045656
0.204002 0.164188 0.045794
0.204610 0.125919 0.049949
0.205218 0.067143 0.047008
0.205826 0.115990 0.050246
0.206434 0.054541 0.045297
0.207042 0.110263 0.047576
0.207650 0.118913 0.045971
0.208258 0.115898 0.046695
0.208866 0.042592 0.046441
0.209474 0.115128 0.046553
0.210082 0.045814 0.046767
0.210690 0.056981 0.046887
0.211298 0.072325 0.046424
0.211906 0.039344 0.046991
0.212514 0.184866 0.046202
0.213122 0.079578 0.045943
0.213730 0.181223 0.047742
0.214338 0.164974 0.044929
0.214946 0.079369 0.045068
0.215554 0.075757 0.045414
0.216162 0.037359 0.042617
0.216770 0.016328 0.043455
0.217378 0.083956 0.046464
0.217986 0.018717 0.047054
0.218594 0.046387 0.044474
0.219202 0.067010 0.047176
0.219810 0.052234 0.042174
0.220418 0.043141 0.043615
0.221025 0.063218 0.043467
0.221633 0.081819 0.045326
0.222241 0.037137 0.046505
0.222849 0.084978 0.046094
0.223457 0.046705 0.046026
0.224065 0.119655 0.043766
0.224673 0.078352 0.044694
0.225889 0.001668 0.043252
0.228929 0.126119 0.043531
0.229537 0.086825 0.047723
0.230145 0.130681 0.042808
0.230753 0.096997 0.044538
0.231361 0.098300 0.042728
0.231969 0.017685 0.042609
0.232577 0.043127 0.040860
0.233185 0.105482 0.043455
0.233793 0.084320 0.043168
0.234401 0.133915 0.044020
0.235009 0.136107 0.043699
0.235617 0.125555 0.041150
0.236225 0.089093 0.043563
0.236833 0.031091 0.043988
0.237441 0.089549 0.044172
0.238049 0.053313 0.041654
0.238657 0.095949 0.043828
0.239265 0.054530 0.046169
0.239873 0.029384 0.075902
0.240481 0.035956 0.062599
0.241089 0.009170 0.064783
0.241697 0.025191 0.058901
0.242304 0.009020 0.043427
0.242912 0.079040 0.041874
0.243520 0.024005 0.043450
0.244128 0.097478 0.038188
0.244736 0.099015 0.043672
0.245344 0.058732 0.040310
0.245952 0.091949 0.041014
0.247168 0.081685 0.042198
0.247776 0.003456 0.042988
0.248384 0.105743 0.042058
0.248992 0.078185 0.043957
0.249600 0.108422 0.039671
0.250208 0.089838 0.042769
0.250816 0.065748 0.040529
0.251424 0.004439 0.041815
0.252032 0.093985 0.040289
0.252640 0.024873 0.044116
0.253248 0.092123 0.039249
0.253856 0.007607 0.040483
0.254464 0.034020 0.042440
0.255679 0.075785 0.040546
0.256287 0.036587 0.038823
0.256895 0.117320 0.039665
0.257503 0.005019 0.039033
0.258111 0.063029 0.039610
0.258719 0.026696 0.041423
0.259327 0.053098 0.040443
0.259935 0.016940 0.040769
0.260543 0.126766 0.039816
0.261151 0.074009 0.037987
0.261759 0.090031 0.042270
0.262367 0.071546 0.039546
0.262975 0.081726 0.039970
0.263583 0.063491 0.038781
0.264191 0.051946 0.039347
0.264799 0.083837 0.037992
0.265407 0.053240 0.040439
0.266622 0.012288 0.042689
0.268446 0.075708 0.040884
0.269662 0.073997 0.041059
0.270878 0.006266 0.039816
0.271486 0.009812 0.037825
0.272094 0.030933 0.039822
0.272702 0.019326 0.039926
0.273310 0.039044 0.039112
0.273918 0.074674 0.039157
0.274526 0.059292 0.040594
0.275133 0.017765 0.037615
0.275741 0.060079 0.037937
0.276349 0.015417 0.037463
0.277565 0.021483 0.037236
0.278173 0.037722 0.037223
0.278781 0.040588 0.036988
0.280605 0.021490 0.038928
0.281821 0.011509 0.038902
0.282429 0.078361 0.038126
0.283036 0.069523 0.040950
0.283644 0.065449 0.037020
0.284252 0.096848 0.038780
0.285468 0.013129 0.039569
0.286684 0.002456 0.039460
0.287292 0.045644 0.036838
0.287900 0.012170 0.037100
0.288508 0.041528 0.035755
0.289116 0.023808 0.035799
0.289723 0.053970 0.036382
0.290939 0.058236 0.037380
0.291547 0.023587 0.037186
0.292155 0.080510 0.036362
0.292763 0.078151 0.035250
0.293371 0.062358 0.035317
0.293979 0.035211 0.035896
0.294587 0.053727 0.035480
0.297626 0.000997 0.034837
0.298234 0.003362 0.035676
0.298842 0.013777 0.034175
0.299450 0.021052 0.034352
0.300058 0.005661 0.033242
0.300666 0.002588 0.034384
0.302489 0.018588 0.033087
0.303097 0.031127 0.034720
0.303705 0.040537 0.033092
0.304313 0.017855 0.034170
0.304921 0.034756 0.034076
0.306137 0.009484 0.033192
0.307353 0.006526 0.037190
0.308568 0.023009 0.035445
0.309176 0.007640 0.031602
0.309784 0.004010 0.035053
0.311000 0.040013 0.034736
0.311608 0.016828 0.035255
0.312216 0.030247 0.034660
0.313431 0.026372 0.032819
0.317686 0.005029 0.043606
0.319510 0.012405 0.045615
0.320118 0.038074 0.048799
0.320726 0.106991 0.053440
0.321334 0.071121 0.069942
0.321942 0.156495 0.086324
0.322549 0.178134 0.144486
