0.010642 154.032082 0.466065
0.011250 152.768050 0.334760
0.011858 147.220922 0.954866
0.012467 146.445008 0.837806
0.013075 143.047736 0.907164
0.013683 141.064655 1.452386
0.014291 143.602389 2.321221
0.014899 137.138671 1.536901
0.015507 137.022914 1.816456
0.016115 130.769709 1.603628
0.016724 131.323864 1.745493
0.017332 123.700701 1.301745
0.017940 125.507036 1.529711
0.018548 118.769891 1.303258
0.019156 116.523580 1.274148
0.019764 113.134060 1.262349
0.020372 110.603196 1.098772
0.020980 106.666075 1.137549
0.021589 104.322738 1.050437
0.022197 102.056855 1.044558
0.022805 97.141403 0.921189
0.023413 96.863689 0.963007
0.024021 92.046774 0.867306
0.024629 90.658807 0.928254
0.025237 88.018360 0.857693
0.025845 85.331310 0.763925
0.026454 82.074929 0.791180
0.027062 81.113347 0.678803
0.027670 77.076379 0.589194
0.028278 74.941937 0.574312
0.028886 73.461900 0.598481
0.029494 70.549953 0.484436
0.030102 68.597154 0.529912
0.030710 66.814217 0.476281
0.031319 64.825884 0.440316
0.031927 62.313853 0.409871
0.032535 61.574621 0.442748
0.033143 58.927927 0.378774
0.033751 57.630897 0.374895
0.034359 55.706353 0.388964
0.034967 54.336416 0.355607
0.035575 52.190318 0.367113
0.036184 51.370550 0.313478
0.036792 49.341698 0.322035
0.037400 48.025228 0.285690
0.038008 46.921375 0.322501
0.038616 45.490617 0.252030
0.039224 44.320493 0.287565
0.039832 43.142993 0.247475
0.040440 42.117382 0.262285
0.041049 40.633822 0.228558
0.041657 39.997786 0.237828
0.042265 38.276075 0.210274
0.042873 37.876512 0.200615
0.043481 36.349992 0.196140
0.044089 35.647434 0.188044
0.044697 34.560445 0.185206
0.045305 33.773073 0.156684
0.045914 32.643924 0.168957
0.046522 32.110883 0.151951
0.047130 31.093544 0.153927
0.047738 30.378105 0.135977
0.048346 29.829461 0.145990
0.048954 28.973689 0.123055
0.049562 28.359886 0.130492
0.050170 27.642698 0.115061
0.050779 27.049728 0.119418
0.051387 26.150747 0.112984
0.051995 25.913269 0.119424
0.052603 25.043681 0.103298
0.053211 24.596992 0.105356
0.053819 24.024340 0.099052
0.054427 23.538565 0.090886
0.055035 22.992845 0.097594
0.055644 22.571841 0.081307
0.056252 21.997373 0.090650
0.056860 21.509644 0.080899
0.057468 21.078398 0.088102
0.058076 20.530374 0.076311
0.058684 20.022859 0.081112
0.059292 19.632186 0.071085
0.059900 19.250649 0.069078
0.060508 18.765811 0.069465
0.061117 18.520368 0.073904
0.061725 17.928019 0.062282
0.062333 17.703217 0.064483
0.062941 17.263982 0.062869
0.063549 17.008155 0.065765
0.064157 16.532493 0.066067
0.064765 16.318424 0.058781
0.065373 15.910796 0.058388
0.065982 15.581588 0.053229
0.066590 15.333121 0.062246
0.067198 14.981324 0.053944
0.067806 14.659666 0.051447
0.068414 14.362358 0.051227
0.069022 14.069981 0.047622
0.069630 13.765049 0.048043
0.070238 13.528035 0.075752
0.070847 13.188094 0.047622
0.071455 12.998653 0.143746
0.072063 12.670697 0.062402
0.072671 12.392464 0.045529
0.073279 12.160309 0.043609
0.073887 11.960381 0.039066
0.074495 11.684604 0.043561
0.075103 11.462286 0.038310
0.075711 11.251971 0.037744
0.076320 11.027987 0.034042
0.076928 10.794403 0.032861
0.077536 10.524148 0.034128
0.078144 10.385690 0.036528
0.078752 10.120419 0.035016
0.079360 9.971939 0.036441
0.079968 9.718666 0.033310
0.080576 9.580438 0.033142
0.081184 9.349062 0.032244
0.081793 9.213912 0.034471
0.082401 9.037085 0.033530
0.083009 8.878244 0.029625
0.083617 8.721853 0.031696
0.084225 8.534368 0.030360
0.084833 8.374942 0.030555
0.085441 8.147202 0.026193
0.086049 8.073774 0.030340
0.086658 7.861047 0.027119
0.087266 7.718673 0.027504
0.087874 7.596292 0.026728
0.088482 7.426871 0.027395
0.089090 7.269933 0.023951
0.089698 7.144222 0.024558
0.090306 7.014929 0.023883
0.090914 6.889748 0.027152
0.091522 6.758736 0.024763
0.092131 6.638754 0.023837
0.092739 6.496305 0.024307
0.093347 6.390944 0.025618
0.093955 6.261375 0.029112
0.094563 6.165791 0.023373
0.095171 6.035256 0.078245
0.095779 5.924435 0.021149
0.096387 5.823962 0.046649
0.096995 5.720329 0.021530
0.097604 5.619375 0.021469
0.098212 5.451914 0.023620
0.098820 5.411452 0.019750
0.099428 5.249173 0.019330
0.100036 5.162235 0.021306
0.100644 5.043431 0.020540
0.101252 4.982281 0.017908
0.101860 4.838979 0.021598
0.102468 4.771187 0.018525
0.103076 4.671035 0.019839
0.103685 4.568217 0.018373
0.104293 4.509287 0.019890
0.104901 4.370899 0.018332
0.105509 4.320300 0.018683
0.106117 4.241013 0.018870
0.106725 4.139183 0.018145
0.107333 4.066035 0.018442
0.107941 4.004196 0.015542
0.108549 3.886895 0.018444
0.109158 3.852589 0.016339
0.109766 3.744760 0.015879
0.110374 3.657609 0.015329
0.110982 3.590749 0.016521
0.111590 3.498640 0.017146
0.112198 3.441831 0.018183
0.112806 3.344308 0.016201
0.113414 3.239704 0.016655
0.114022 3.180505 0.016212
0.114630 3.113836 0.018449
0.115239 3.063025 0.015213
0.115847 2.973363 0.016151
0.116455 2.903452 0.015676
0.117063 2.853079 0.017651
0.117671 2.764199 0.017170
0.118279 2.738677 0.018844
0.118887 2.657039 0.016991
0.119495 2.599651 0.015423
0.120103 2.519655 0.018436
0.120711 2.492491 0.015337
0.121320 2.415181 0.020042
0.121928 2.373862 0.014627
0.122536 2.295000 0.022665
0.123144 2.244735 0.013937
0.123752 2.202713 0.013743
0.124360 2.163332 0.014390
0.124968 2.117938 0.014133
0.125576 2.035568 0.019355
0.126184 1.992814 0.024196
0.126792 1.925135 0.013975
0.127401 1.895344 0.013924
0.128009 1.843749 0.013333
0.128617 1.813477 0.012563
0.129225 1.778473 0.013160
0.129833 1.731645 0.013241
0.130441 1.740645 0.013001
0.131049 1.693413 0.012510
0.131657 1.662369 0.013455
0.132265 1.612669 0.013047
0.132873 1.588349 0.013915
0.133481 1.536004 0.012005
0.134090 1.495208 0.013120
0.134698 1.485977 0.012024
0.135306 1.439294 0.011888
0.135914 1.391011 0.012623
0.136522 1.363100 0.012353
0.137130 1.320596 0.013055
0.137738 1.301107 0.011613
0.138346 1.268194 0.012162
0.138954 1.241919 0.012929
0.139562 1.204642 0.012727
0.140170 1.188431 0.012757
0.140779 1.163457 0.012273
0.141387 1.155423 0.011988
0.141995 1.099868 0.012435
0.142603 1.131675 0.012095
0.143211 1.075552 0.011842
0.143819 1.084449 0.011521
0.144427 1.063106 0.011682
0.145035 1.065776 0.011329
0.145643 1.040314 0.011037
0.146251 0.981993 0.012162
0.146859 0.974323 0.011002
0.147467 0.953604 0.011760
0.148076 0.939104 0.011065
0.148684 0.919450 0.011068
0.149292 0.915059 0.011204
0.149900 0.883242 0.011786
0.150508 0.882277 0.010944
0.151116 0.835057 0.011119
0.151724 0.843288 0.011250
0.152332 0.815625 0.012357
0.152940 0.826247 0.010662
0.153548 0.819673 0.011272
0.154156 0.799333 0.011182
0.154764 0.788803 0.011372
0.155372 0.784292 0.011672
0.155981 0.772273 0.010701
0.156589 0.745915 0.017512
0.157197 0.740467 0.010342
0.157805 0.715608 0.012315
0.158413 0.733887 0.009588
0.159021 0.702169 0.010069
0.159629 0.696340 0.010487
0.160237 0.679358 0.010689
0.160845 0.689598 0.010146
0.161453 0.656328 0.010731
0.162061 0.669249 0.009851
0.162669 0.655799 0.010699
0.163277 0.642629 0.010552
0.163886 0.657325 0.010115
0.164494 0.648161 0.010627
0.165102 0.624729 0.010477
0.165710 0.626869 0.010428
0.166318 0.611628 0.010677
0.166926 0.614704 0.010289
0.167534 0.604975 0.010073
0.168142 0.591235 0.011110
0.168750 0.583555 0.010089
0.169358 0.578881 0.011028
0.169966 0.562434 0.009580
0.170574 0.544712 0.009718
0.171182 0.566273 0.009017
0.171790 0.553924 0.009822
0.172399 0.545793 0.009606
0.173007 0.540093 0.009995
0.173615 0.527355 0.010299
0.174223 0.524566 0.010051
0.174831 0.524539 0.010035
0.175439 0.523154 0.009663
0.176047 0.513448 0.009979
0.176655 0.521080 0.011530
0.177263 0.514625 0.011260
0.177871 0.491290 0.013101
0.178479 0.503928 0.011838
0.179087 0.491520 0.009534
0.179695 0.498954 0.010565
0.180303 0.486454 0.009649
0.180911 0.483246 0.010612
0.181519 0.465666 0.009490
0.182128 0.460241 0.010469
0.182736 0.477959 0.010056
0.183344 0.461908 0.010340
0.183952 0.457936 0.009868
0.184560 0.463030 0.009865
0.185168 0.432146 0.009306
0.185776 0.430331 0.010286
0.186384 0.417345 0.009865
0.186992 0.438733 0.009726
0.187600 0.440448 0.009497
0.188208 0.433692 0.009764
0.188816 0.450446 0.009872
0.189424 0.441146 0.009369
0.190032 0.438492 0.009873
0.190640 0.436093 0.009228
0.191248 0.420196 0.009824
0.191856 0.448514 0.009903
0.192465 0.427578 0.009763
0.193073 0.441418 0.009814
0.193681 0.439504 0.009470
0.194289 0.423142 0.009634
0.194897 0.422484 0.010731
0.195505 0.427015 0.009257
0.196113 0.427488 0.011602
0.196721 0.401993 0.008887
0.197329 0.412977 0.009541
0.197937 0.401262 0.017617
0.198545 0.393371 0.009019
0.199153 0.409141 0.009366
0.199761 0.412238 0.008944
0.200369 0.406163 0.009574
0.200977 0.402284 0.009704
0.201585 0.401760 0.008712
0.202193 0.402517 0.009380
0.202801 0.405786 0.008569
0.203409 0.396442 0.009006
0.204017 0.399264 0.009082
0.204625 0.393532 0.009474
0.205233 0.390181 0.010940
0.205842 0.396813 0.012523
0.206450 0.390761 0.008963
0.207058 0.391914 0.008329
0.207666 0.393433 0.008991
0.208274 0.380294 0.008961
0.208882 0.393069 0.008947
0.209490 0.379680 0.009209
0.210098 0.381173 0.009282
0.210706 0.386949 0.008439
0.211314 0.393191 0.010266
0.211922 0.397188 0.008611
0.212530 0.393144 0.009397
0.213138 0.391090 0.008524
0.213746 0.383627 0.009178
0.214354 0.390796 0.009946
0.214962 0.397581 0.011231
0.215570 0.398663 0.009007
0.216178 0.384300 0.009427
0.216786 0.389568 0.008758
0.217394 0.391535 0.008697
0.218002 0.392344 0.009254
0.218610 0.387890 0.008914
0.219218 0.381499 0.008561
0.219826 0.383129 0.008449
0.220434 0.364399 0.008059
0.221042 0.357591 0.008446
0.221650 0.371978 0.008601
0.222258 0.369688 0.007910
0.222866 0.370633 0.008296
0.223474 0.370065 0.008158
0.224083 0.370733 0.008860
0.224691 0.367571 0.008047
0.225299 0.366371 0.010081
0.225907 0.361932 0.008747
0.226515 0.376731 0.008650
0.227123 0.353898 0.008644
0.227731 0.365372 0.009115
0.228339 0.365596 0.008251
0.228947 0.350192 0.007934
0.229555 0.351252 0.008239
0.230163 0.343017 0.008495
0.230771 0.342999 0.008383
0.231379 0.347461 0.007941
0.231987 0.349838 0.008014
0.232595 0.358952 0.008126
0.233203 0.349688 0.008484
0.233811 0.343893 0.008398
0.234419 0.354203 0.009468
0.235027 0.330000 0.008335
0.235635 0.335513 0.018881
0.236243 0.324897 0.013400
0.236851 0.329436 0.008902
0.237459 0.328739 0.013725
0.238067 0.333975 0.020874
0.238675 0.330970 0.007976
0.239283 0.345610 0.020402
0.239891 0.343737 0.012070
0.240499 0.336544 0.008251
0.241107 0.342429 0.008198
0.241715 0.333597 0.008235
0.242323 0.334045 0.007643
0.242931 0.328256 0.008070
0.243539 0.328953 0.007935
0.244147 0.318825 0.008090
0.244755 0.307610 0.007708
0.245363 0.328246 0.007758
0.245971 0.311722 0.008379
0.246579 0.323554 0.007800
0.247187 0.318098 0.008253
0.247795 0.335689 0.007713
0.248403 0.321666 0.008272
0.249011 0.316984 0.007885
0.249619 0.310273 0.007934
0.250227 0.326505 0.007784
0.250835 0.318523 0.009341
0.251443 0.305263 0.008134
0.252051 0.307066 0.007962
0.252659 0.322088 0.007933
0.253267 0.317883 0.008240
0.253875 0.314388 0.007963
0.254483 0.321751 0.007548
0.255091 0.307439 0.012937
0.255699 0.293271 0.007582
0.256307 0.308514 0.008173
0.256915 0.297904 0.008003
0.257523 0.296446 0.010580
0.258131 0.293431 0.008067
0.258739 0.287547 0.009704
0.259347 0.292403 0.007973
0.259955 0.296251 0.007626
0.260563 0.300562 0.007245
0.261171 0.282960 0.007711
0.261779 0.289778 0.008047
0.262387 0.285259 0.007946
0.262995 0.292745 0.007532
0.263603 0.277416 0.008040
0.264211 0.275971 0.007749
0.264819 0.280905 0.007806
0.265427 0.284322 0.008490
0.266035 0.292147 0.007034
0.266643 0.284814 0.007458
0.267251 0.279218 0.008355
0.267859 0.281469 0.007325
0.268467 0.278081 0.007311
0.269075 0.281942 0.007710
0.269683 0.295518 0.007637
0.270291 0.288687 0.007093
0.270899 0.294822 0.007691
0.271507 0.293672 0.007661
0.272115 0.278952 0.007338
0.272723 0.287465 0.007723
0.273331 0.282135 0.007073
0.273939 0.295454 0.007144
0.274547 0.288482 0.007571
0.275154 0.283043 0.007279
0.275762 0.271945 0.007429
0.276370 0.270407 0.007302
0.276978 0.286780 0.007229
0.277586 0.273982 0.008198
0.278194 0.278186 0.007337
0.278802 0.297367 0.006866
0.279410 0.280736 0.007003
0.280018 0.281292 0.007176
0.280626 0.275156 0.007303
0.281234 0.283416 0.007348
0.281842 0.279533 0.008478
0.282450 0.277742 0.007119
0.283058 0.280133 0.007518
0.283666 0.273898 0.007410
0.284274 0.283167 0.007146
0.284882 0.291621 0.007501
0.285490 0.277627 0.006946
0.286098 0.268055 0.007110
0.286706 0.267021 0.007104
0.287314 0.264394 0.006730
0.287922 0.272442 0.007031
0.288530 0.279867 0.007298
0.289138 0.269428 0.007002
0.289746 0.284114 0.007651
0.290354 0.277212 0.006913
0.290962 0.282582 0.007000
0.291569 0.282007 0.006907
0.292177 0.285441 0.006769
0.292785 0.279325 0.008156
0.293393 0.290114 0.006779
0.294001 0.272149 0.007107
0.294609 0.276728 0.007361
0.295217 0.273466 0.006828
0.295825 0.284396 0.006323
0.296433 0.266836 0.006911
0.297041 0.268809 0.006456
0.297649 0.279283 0.006558
0.298257 0.278891 0.006718
0.298865 0.273809 0.006557
0.299473 0.278453 0.006700
0.300081 0.268495 0.006854
0.300689 0.266081 0.006451
0.301297 0.267382 0.006530
0.301905 0.275752 0.006585
0.302513 0.263978 0.006554
0.303120 0.267565 0.007642
0.303728 0.263004 0.006462
0.304336 0.264122 0.008051
0.304944 0.265526 0.006287
0.305552 0.254734 0.006396
0.306160 0.267726 0.006600
0.306768 0.260915 0.006596
0.307376 0.254559 0.006272
0.307984 0.263846 0.006183
0.308592 0.259973 0.006638
0.309200 0.267179 0.006346
0.309808 0.265201 0.006341
0.310416 0.277596 0.006160
0.311024 0.274704 0.006106
0.311632 0.263658 0.006273
0.312239 0.272133 0.006726
0.312847 0.268248 0.006650
0.313455 0.251453 0.007073
0.314063 0.277609 0.007349
0.314671 0.259066 0.007469
0.315279 0.283195 0.007876
0.315887 0.272181 0.007701
0.316495 0.269706 0.008662
0.317103 0.257349 0.009499
0.317711 0.252234 0.008807
0.318319 0.254232 0.008625
0.318927 0.252456 0.009643
0.319535 0.244388 0.009069
0.320142 0.262131 0.010015
0.320750 0.257488 0.010107
0.321358 0.267210 0.010115
0.321966 0.268313 0.011554
0.322574 0.263565 0.011486
0.323182 0.282952 0.012934
0.323790 0.254358 0.015160
0.324398 0.275220 0.019004
0.325006 0.281238 0.029154
