0.010642 8.252353 0.510938
0.011250 8.565116 0.447866
0.011858 9.842816 0.220287
0.012467 9.693556 0.266475
0.013075 9.678460 0.326048
0.013683 9.375642 0.199081
0.014291 10.157711 0.221946
0.014899 9.428826 0.214438
0.015507 9.631113 0.191539
0.016115 9.127502 0.110455
0.016724 9.143532 0.126807
0.017332 8.906364 0.109824
0.017940 8.829389 0.099022
0.018548 8.477361 0.114535
0.019156 8.278735 0.112641
0.019764 8.017579 0.145970
0.020372 7.957599 0.105718
0.020980 7.820693 0.109967
0.021589 7.600540 0.086433
0.022197 7.558514 0.088033
0.022805 7.192381 0.073837
0.023413 7.169303 0.073747
0.024021 6.916357 0.086813
0.024629 6.800353 0.071680
0.025237 6.584476 0.080246
0.025845 6.415923 0.067214
0.026454 6.227299 0.074015
0.027062 6.117221 0.060951
0.027670 5.945952 0.062947
0.028278 5.772494 0.057651
0.028886 5.633201 0.068035
0.029494 5.438914 0.043790
0.030102 5.358870 0.053901
0.030710 5.201092 0.046509
0.031319 5.169943 0.043978
0.031927 4.939767 0.050287
0.032535 4.949430 0.054940
0.033143 4.737491 0.044095
0.033751 4.591894 0.044740
0.034359 4.454239 0.046904
0.034967 4.404794 0.042261
0.035575 4.242104 0.050239
0.036184 4.199127 0.043259
0.036792 4.009045 0.044358
0.037400 3.886427 0.038278
0.038008 3.788263 0.046782
0.038616 3.738532 0.036768
0.039224 3.642348 0.038173
0.039832 3.595747 0.035541
0.040440 3.537435 0.034065
0.041049 3.388968 0.031304
0.041657 3.329056 0.032568
0.042265 3.165912 0.031535
0.042873 3.117814 0.036467
0.043481 3.007471 0.031215
0.044089 3.007813 0.031687
0.044697 2.900006 0.031962
0.045305 2.878923 0.031298
0.045914 2.721397 0.031091
0.046522 2.706575 0.029933
0.047130 2.594621 0.030319
0.047738 2.537534 0.027350
0.048346 2.512538 0.029057
0.048954 2.444845 0.026422
0.049562 2.407557 0.029714
0.050170 2.333254 0.024536
0.050779 2.286478 0.023711
0.051387 2.178132 0.028817
0.051995 2.173180 0.025228
0.052603 2.126009 0.024858
0.053211 2.117669 0.024114
0.053819 2.050235 0.024033
0.054427 2.030450 0.019281
0.055035 1.946524 0.025589
0.055644 1.919116 0.025331
0.056252 1.896888 0.025963
0.056860 1.863284 0.024718
0.057468 1.817330 0.024669
0.058076 1.752590 0.020849
0.058684 1.720979 0.026387
0.059292 1.693977 0.021423
0.059900 1.665422 0.021638
0.060508 1.660262 0.023911
0.061117 1.648097 0.021392
0.061725 1.566734 0.022623
0.062333 1.551311 0.020099
0.062941 1.481785 0.022706
0.063549 1.510758 0.019121
0.064157 1.430455 0.021510
0.064765 1.401503 0.021570
0.065373 1.351997 0.023043
0.065982 1.329025 0.018428
0.066590 1.323000 0.020756
0.067198 1.285483 0.019100
0.067806 1.295510 0.021726
0.068414 1.258973 0.019167
0.069022 1.266356 0.021372
0.069630 1.213271 0.019963
0.070238 1.197989 0.017950
0.070847 1.180102 0.018216
0.071455 1.146561 0.018287
0.072063 1.097164 0.017964
0.072671 1.075048 0.017178
0.073279 1.087724 0.016571
0.073887 1.038811 0.016772
0.074495 1.020204 0.017711
0.075103 1.008461 0.015199
0.075711 0.995479 0.016963
0.076320 0.973342 0.017272
0.076928 0.946572 0.017981
0.077536 0.951853 0.015180
0.078144 0.908122 0.016204
0.078752 0.920049 0.014225
0.079360 0.888468 0.014278
0.079968 0.860648 0.015605
0.080576 0.831147 0.015508
0.081184 0.809487 0.014522
0.081793 0.824132 0.015696
0.082401 0.780054 0.015876
0.083009 0.785007 0.014883
0.083617 0.757809 0.014258
0.084225 0.739725 0.014875
0.084833 0.738316 0.015473
0.085441 0.727602 0.014650
0.086049 0.705113 0.016852
0.086658 0.702591 0.015232
0.087266 0.650820 0.017075
0.087874 0.652546 0.014537
0.088482 0.657113 0.016117
0.089090 0.622751 0.015761
0.089698 0.625040 0.014627
0.090306 0.608601 0.016213
0.090914 0.617280 0.014252
0.091522 0.590707 0.015527
0.092131 0.595198 0.014908
0.092739 0.578916 0.015384
0.093347 0.549220 0.015637
0.093955 0.574393 0.014830
0.094563 0.553289 0.014739
0.095171 0.538585 0.016394
0.095779 0.519602 0.016459
0.096387 0.504222 0.015637
0.096995 0.495246 0.015857
0.097604 0.479722 0.014161
0.098212 0.455648 0.014527
0.098820 0.458176 0.014336
0.099428 0.402563 0.014886
0.100036 0.452012 0.015154
0.100644 0.430430 0.014376
0.101252 0.406269 0.014177
0.101860 0.408868 0.013935
0.102468 0.419034 0.012371
0.103076 0.395352 0.012671
0.103685 0.421111 0.012702
0.104293 0.374977 0.014297
0.104901 0.377161 0.012452
0.105509 0.345401 0.013822
0.106117 0.348643 0.013235
0.106725 0.372747 0.012856
0.107333 0.368865 0.013511
0.107941 0.364965 0.013579
0.108549 0.349114 0.014012
0.109158 0.330894 0.012329
0.109766 0.312026 0.014071
0.110374 0.284026 0.012856
0.110982 0.283530 0.014802
0.111590 0.275520 0.012067
0.112198 0.271562 0.013439
0.112806 0.255920 0.011488
0.113414 0.269652 0.012328
0.114022 0.243224 0.012156
0.114630 0.245357 0.012746
0.115239 0.237534 0.012029
0.115847 0.268091 0.013553
0.116455 0.245797 0.012253
0.117063 0.229182 0.011729
0.117671 0.214410 0.012233
0.118279 0.217363 0.012370
0.118887 0.217218 0.013127
0.119495 0.229389 0.012325
0.120103 0.219905 0.011942
0.120711 0.216388 0.012514
0.121320 0.175529 0.012279
0.121928 0.187549 0.012015
0.122536 0.169888 0.011655
0.123144 0.173695 0.011780
0.123752 0.184859 0.011670
0.124360 0.149167 0.011663
0.124968 0.149196 0.011106
0.125576 0.153139 0.011149
0.126184 0.139235 0.012923
0.126792 0.160154 0.012241
0.127401 0.152103 0.012077
0.128009 0.148869 0.011585
0.128617 0.132556 0.012361
0.129225 0.128936 0.011423
0.129833 0.111838 0.011808
0.130441 0.123648 0.011706
0.131049 0.103970 0.010858
0.131657 0.135023 0.011978
0.132265 0.121693 0.011870
0.132873 0.134176 0.012716
0.133481 0.088629 0.012444
0.134090 0.111118 0.012048
0.134698 0.098729 0.010437
0.135306 0.116715 0.011520
0.135914 0.095407 0.012144
0.136522 0.089401 0.012379
0.137130 0.091785 0.011355
0.137738 0.083520 0.012348
0.138346 0.089739 0.011844
0.138954 0.079655 0.011675
0.139562 0.082771 0.011751
0.140170 0.067240 0.010902
0.140779 0.070072 0.011889
0.141387 0.064259 0.011419
0.141995 0.086814 0.012011
0.142603 0.080771 0.010696
0.143211 0.065810 0.011924
0.143819 0.077530 0.011563
0.144427 0.063135 0.011647
0.145035 0.063687 0.011933
0.145643 0.049790 0.010536
0.146251 0.051857 0.011638
0.146859 0.075699 0.010857
0.147467 0.042596 0.010750
0.148076 0.053533 0.009718
0.148684 0.054916 0.010744
0.149292 0.052185 0.010690
0.149900 0.065772 0.010734
0.150508 0.080163 0.011067
0.151116 0.042972 0.011007
0.151724 0.042768 0.010825
0.152332 0.031455 0.011024
0.152940 0.036722 0.010250
0.153548 0.032315 0.011424
0.154156 0.039498 0.011041
0.154764 0.043139 0.010514
0.155372 0.030614 0.010709
0.155981 0.035401 0.009987
0.156589 0.020792 0.010468
0.157197 0.044474 0.009864
0.157805 0.034279 0.010618
0.158413 0.049243 0.009347
0.159021 0.048759 0.009968
0.159629 0.051825 0.009736
0.160237 0.032016 0.009996
0.160845 0.039142 0.010119
0.161453 0.029277 0.010535
0.162061 0.027585 0.009739
0.162669 0.033107 0.009786
0.163277 0.038174 0.009625
0.163886 0.036045 0.009296
0.164494 0.039034 0.009877
0.165102 0.045436 0.009802
0.165710 0.016746 0.009457
0.166318 0.032670 0.010133
0.166926 0.018016 0.009850
0.167534 0.028574 0.009726
0.168142 0.030334 0.009949
0.168750 0.034823 0.009998
0.169358 0.063495 0.009313
0.169966 0.029205 0.008725
0.170574 0.032717 0.010279
0.171182 0.059204 0.009761
0.171790 0.032268 0.009301
0.172399 0.049733 0.009221
0.173007 0.050411 0.009579
0.173615 0.034933 0.010120
0.174223 0.047056 0.009670
0.174831 0.033639 0.010386
0.175439 0.019381 0.009948
0.176047 0.040828 0.010933
0.176655 0.028865 0.009635
0.177263 0.024837 0.009289
0.177871 0.013952 0.009278
0.178479 0.013563 0.009442
0.179087 0.002090 0.010052
0.179695 0.028376 0.009770
0.180303 0.026094 0.009434
0.180911 0.033842 0.010495
0.181519 0.025719 0.010139
0.182128 0.026063 0.009515
0.182736 0.013835 0.009560
0.183344 0.031912 0.009090
0.183952 0.027812 0.008918
0.184560 0.024676 0.008909
0.185168 0.010436 0.009517
0.185776 0.029324 0.010313
0.186384 0.019916 0.009835
0.186992 0.020383 0.009475
0.187600 0.006210 0.009325
0.188208 0.028500 0.009234
0.188816 0.021963 0.009338
0.189424 0.032452 0.009405
0.190032 0.034325 0.009481
0.190640 0.022271 0.011589
0.191248 0.018335 0.009325
0.191856 0.013726 0.020523
0.192465 0.013056 0.011174
0.193073 0.017102 0.009958
0.193681 0.005045 0.009074
0.194289 0.018202 0.010318
0.195505 0.025014 0.013005
0.196113 0.013299 0.009413
0.196721 0.013464 0.012996
0.197329 0.006690 0.009250
0.197937 0.015213 0.009925
0.198545 0.010431 0.009006
0.199153 0.003314 0.009380
0.199761 0.025503 0.008938
0.200369 0.006969 0.008858
0.200977 0.029516 0.009454
0.202193 0.010827 0.014209
0.202801 0.019252 0.009044
0.203409 0.000837 0.016856
0.204017 0.016816 0.014095
0.204625 0.011862 0.008958
0.205233 0.020718 0.009100
0.205842 0.027670 0.009609
0.206450 0.022207 0.008214
0.207058 0.028873 0.009502
0.207666 0.014148 0.008632
0.208274 0.001262 0.041948
0.208882 0.014199 0.027167
0.209490 0.018425 0.009209
0.210098 0.004069 0.008751
0.210706 0.021788 0.008623
0.211314 0.010171 0.008876
0.211922 0.031457 0.008519
0.212530 0.008025 0.009007
0.213138 0.012242 0.008957
0.213746 0.026221 0.009216
0.214354 0.007588 0.008676
0.214962 0.012690 0.009084
0.215570 0.002861 0.008612
0.216178 0.017508 0.008559
0.216786 0.012634 0.008158
0.217394 0.013876 0.008833
0.218002 0.006460 0.008567
0.218610 0.003932 0.008450
0.219218 0.009452 0.008583
0.220434 0.011940 0.008611
0.221042 0.006716 0.008139
0.221650 0.011642 0.008500
0.222258 0.019769 0.008154
0.222866 0.005225 0.008534
0.223474 0.009334 0.008132
0.224083 0.022110 0.009000
0.224691 0.011329 0.008380
0.225299 0.015956 0.008890
0.225907 0.003538 0.007884
0.226515 0.013538 0.008291
0.227123 0.002960 0.008044
0.227731 0.007421 0.008352
0.228339 0.011921 0.008134
0.228947 0.005212 0.008260
0.229555 0.013431 0.008153
0.230163 0.015704 0.008468
0.230771 0.000624 0.009074
0.231987 0.000410 0.007467
0.233203 0.010373 0.008192
0.233811 0.004301 0.007905
0.234419 0.005955 0.008233
0.235027 0.001067 0.008116
0.235635 0.010524 0.007786
0.236243 0.005470 0.008324
0.236851 0.027483 0.008511
0.237459 0.023050 0.007845
0.238067 0.026269 0.009295
0.238675 0.011318 0.007806
0.239283 0.013904 0.009938
0.240499 0.015379 0.009232
0.241107 0.002686 0.008438
0.242323 0.025512 0.008256
0.242931 0.018095 0.007733
0.243539 0.010822 0.013086
0.244147 0.019945 0.008229
0.244755 0.011548 0.008861
0.245363 0.010242 0.007843
0.245971 0.015441 0.008097
0.246579 0.019623 0.007516
0.247187 0.013780 0.007838
0.247795 0.004254 0.007821
0.248403 0.003921 0.007985
0.249011 0.006538 0.008064
0.249619 0.015973 0.007698
0.250227 0.017093 0.007890
0.250835 0.020443 0.007597
0.251443 0.006003 0.007807
0.252051 0.033496 0.007447
0.252659 0.018735 0.008007
0.253267 0.023169 0.007492
0.253875 0.001048 0.010239
0.254483 0.013108 0.007771
0.256307 0.002382 0.008478
0.257523 0.001528 0.007851
0.258131 0.006209 0.008091
0.259347 0.019158 0.007926
0.260563 0.011556 0.007343
0.261171 0.007728 0.007371
0.261779 0.011510 0.007982
0.262387 0.001059 0.007697
0.262995 0.005049 0.007498
0.263603 0.010913 0.007986
0.264211 0.008159 0.007733
0.264819 0.011875 0.007015
0.266035 0.014243 0.007460
0.266643 0.006817 0.007637
0.267251 0.021322 0.007780
0.267859 0.010773 0.007780
0.268467 0.008427 0.007245
0.269075 0.009629 0.007326
0.270899 0.004036 0.007405
0.272115 0.004473 0.007701
0.273939 0.002807 0.007181
0.274547 0.003616 0.007603
0.275762 0.007706 0.007527
0.276370 0.005060 0.007241
0.276978 0.006578 0.007415
0.277586 0.011805 0.007246
0.278194 0.009944 0.007470
0.278802 0.007431 0.007545
0.279410 0.018535 0.007558
0.280018 0.007788 0.007616
0.280626 0.006643 0.007176
0.281234 0.011031 0.007197
0.281842 0.004807 0.007216
0.282450 0.003749 0.007374
0.283666 0.010841 0.007437
0.284274 0.008963 0.006994
0.284882 0.017259 0.007336
0.285490 0.006336 0.006986
0.286098 0.010928 0.007226
0.286706 0.003460 0.006994
0.287314 0.013204 0.007246
0.287922 0.009779 0.007072
0.288530 0.006903 0.007255
0.289138 0.000361 0.017730
0.289746 0.005780 0.009141
0.290354 0.002249 0.013553
0.291569 0.001956 0.006670
0.292177 0.001635 0.007010
0.292785 0.010568 0.007011
0.294001 0.009284 0.006823
0.294609 0.002801 0.006820
0.295217 0.006593 0.006834
0.295825 0.003693 0.007409
0.297041 0.002175 0.006892
0.297649 0.011753 0.006918
0.298257 0.001866 0.006759
0.298865 0.014166 0.006123
0.299473 0.005319 0.006295
0.300081 0.016919 0.009205
0.300689 0.016415 0.006520
0.301297 0.012215 0.013404
0.302513 0.007202 0.008171
0.303120 0.007848 0.006939
0.303728 0.000769 0.006375
0.304336 0.023157 0.007748
0.304944 0.005970 0.009345
0.305552 0.004691 0.007285
0.306160 0.015130 0.006941
0.307376 0.007706 0.006405
0.307984 0.004739 0.006421
0.308592 0.010868 0.008011
0.311024 0.006649 0.006426
0.311632 0.003514 0.006620
0.312239 0.001983 0.006637
0.312847 0.009571 0.010984
0.313455 0.014129 0.006577
0.314671 0.001218 0.007505
0.315279 0.003120 0.007796
0.316495 0.006607 0.008122
0.318319 0.008834 0.008206
0.318927 0.005703 0.009027
0.319535 0.015066 0.008932
0.320142 0.000678 0.009751
0.322574 0.003785 0.010643
0.323182 0.005157 0.012326
0.324398 0.022920 0.017221
