# SAXS profile: number of points = 279, q_min = 0.0165457, q_max = 0.251469, delta_q = 0.000845047841726619
# offset = 0.00000000000000, scaling c = 1.87908208373570e-06, Chi = 6.60667940744394
#  q       exp_intensity   model_intensity
0.01655    149.72100000    158.69883698   
0.01739    145.88900000    155.09446587   
0.01824    142.60200000    151.41093300   
0.01908    139.74500000    147.64336216   
0.01993    136.07000000    143.80765936   
0.02077    132.68100000    139.91885124   
0.02162    129.56200000    135.99305249   
0.02246    126.39900000    132.04116202   
0.02331    121.91200000    128.07199288   
0.02415    117.48200000    124.09602615   
0.02500    113.25500000    120.12186986   
0.02584    110.70100000    116.16504693   
0.02669    106.08800000    112.23281043   
0.02753    102.63700000    108.33423185   
0.02838    99.46050000     104.47635291   
0.02922    95.74980000     100.66767573   
0.03007    92.34920000     96.91519446    
0.03091    88.97020000     93.24418611    
0.03176    86.09570000     89.64206645    
0.03260    84.51800000     86.11732231    
0.03345    81.37050000     82.67516140    
0.03429    77.23880000     79.32103071    
0.03514    74.92990000     76.05839678    
0.03598    72.21520000     72.89430005    
0.03683    69.40170000     69.84938186    
0.03767    67.28110000     66.90763337    
0.03852    65.28210000     64.07032454    
0.03936    62.47080000     61.34228216    
0.04021    59.97240000     58.72319809    
0.04105    57.86920000     56.20744965    
0.04190    55.80730000     53.81571642    
0.04274    53.94820000     51.54015094    
0.04359    52.11380000     49.37138391    
0.04443    50.23070000     47.30800142    
0.04528    48.60430000     45.34894117    
0.04612    47.43720000     43.49251462    
0.04697    45.80730000     41.74487985    
0.04781    44.29550000     40.10650073    
0.04866    42.71190000     38.56156478    
0.04950    41.29670000     37.10678750    
0.05035    39.78250000     35.73932387    
0.05119    38.57080000     34.45550517    
0.05204    37.37560000     33.25208196    
0.05288    36.14650000     32.13735961    
0.05373    35.24420000     31.10051333    
0.05457    34.07950000     30.12871237    
0.05542    32.80910000     29.21909270    
0.05626    31.85770000     28.36871183    
0.05711    30.71710000     27.57398122    
0.05795    29.86650000     26.83398436    
0.05880    29.05250000     26.15059249    
0.05964    28.60330000     25.50726580    
0.06049    27.81670000     24.90200625    
0.06133    27.15230000     24.33193003    
0.06218    26.41830000     23.79384552    
0.06302    25.77240000     23.28450625    
0.06387    24.68690000     22.80726578    
0.06471    23.59550000     22.34988017    
0.06556    22.60730000     21.91071144    
0.06640    22.10650000     21.48756686    
0.06725    21.50950000     21.07823439    
0.06809    21.22660000     20.68072433    
0.06894    20.66880000     20.29553016    
0.06978    20.24160000     19.91631054    
0.07063    19.59570000     19.54234296    
0.07147    19.11780000     19.17238132    
0.07232    18.53120000     18.80535761    
0.07316    17.87450000     18.44055419    
0.07401    17.77350000     18.07833794    
0.07485    17.09470000     17.71412418    
0.07570    16.25850000     17.34935167    
0.07654    15.92600000     16.98361415    
0.07739    15.57530000     16.61759357    
0.07823    15.12960000     16.25068202    
0.07908    14.70440000     15.88111600    
0.07992    14.15530000     15.51014783    
0.08077    13.59210000     15.13813266    
0.08161    13.34030000     14.76665223    
0.08246    13.08080000     14.39433281    
0.08330    12.77770000     14.02136909    
0.08415    12.57450000     13.64890823    
0.08499    12.00080000     13.27754112    
0.08584    11.56600000     12.90969050    
0.08668    11.32230000     12.54304145    
0.08753    10.93590000     12.17900482    
0.08837    10.50930000     11.81912491    
0.08922    10.30930000     11.46366442    
0.09006    10.31630000     11.11181990    
0.09091    10.07770000     10.76581495    
0.09176    9.64430000      10.42624956    
0.09260    9.37233000      10.09386345    
0.09345    9.19191000      9.76799781     
0.09429    8.94917000      9.44868659     
0.09514    8.68666000      9.13712522     
0.09598    8.52133000      8.83452248     
0.09683    8.30284000      8.54070382     
0.09767    8.07323000      8.25529927     
0.09852    7.74033000      7.97914850     
0.09936    7.56681000      7.71165223     
0.10021    7.43425000      7.45227580     
0.10105    7.12136000      7.20197254     
0.10190    6.95655000      6.96267458     
0.10274    6.69974000      6.73201074     
0.10359    6.39772000      6.50990489     
0.10443    6.17390000      6.29674052     
0.10528    6.15542000      6.09205706     
0.10612    6.03121000      5.89498020     
0.10697    5.89434000      5.70627656     
0.10781    5.70718000      5.52718722     
0.10866    5.57945000      5.35487420     
0.10950    5.37607000      5.18941719     
0.11035    5.15902000      5.03093762     
0.11119    5.02824000      4.87909741     
0.11204    4.87283000      4.73285423     
0.11288    4.75548000      4.59332223     
0.11373    4.61142000      4.45988372     
0.11457    4.48906000      4.33111744     
0.11542    4.35671000      4.20684087     
0.11626    4.19435000      4.08711346     
0.11711    4.10485000      3.97165209     
0.11795    3.87454000      3.85989101     
0.11880    3.82544000      3.75215124     
0.11964    3.74667000      3.64792795     
0.12049    3.64578000      3.54651308     
0.12133    3.60614000      3.44782365     
0.12218    3.44032000      3.35185179     
0.12302    3.32035000      3.25791321     
0.12387    3.16457000      3.16658408     
0.12471    3.03034000      3.07767971     
0.12556    2.97029000      2.99051395     
0.12640    2.95530000      2.90521896     
0.12725    2.86252000      2.82175264     
0.12809    2.79378000      2.73971778     
0.12894    2.72549000      2.65949850     
0.12978    2.60496000      2.58143118     
0.13063    2.55621000      2.50473572     
0.13147    2.47912000      2.42974128     
0.13232    2.38003000      2.35640295     
0.13316    2.32679000      2.28458381     
0.13401    2.26504000      2.21468246     
0.13485    2.25168000      2.14651310     
0.13570    2.14753000      2.08023947     
0.13654    2.06133000      2.01597720     
0.13739    2.06923000      1.95357768     
0.13823    2.07618000      1.89304821     
0.13908    1.97939000      1.83467984     
0.13992    1.86373000      1.77836600     
0.14077    1.84072000      1.72462338     
0.14161    1.84799000      1.67289415     
0.14246    1.75885000      1.62330666     
0.14330    1.71652000      1.57602698     
0.14415    1.64169000      1.53109900     
0.14499    1.62007000      1.48832091     
0.14584    1.65309000      1.44852857     
0.14668    1.60738000      1.41088356     
0.14753    1.52614000      1.37560779     
0.14837    1.52692000      1.34259741     
0.14922    1.50607000      1.31178643     
0.15006    1.42401000      1.28332124     
0.15091    1.42791000      1.25718788     
0.15175    1.40741000      1.23350412     
0.15260    1.38874000      1.21181713     
0.15344    1.38119000      1.19215971     
0.15429    1.32808000      1.17445716     
0.15513    1.26149000      1.15854495     
0.15598    1.20649000      1.14457832     
0.15682    1.26527000      1.13249260     
0.15767    1.32991000      1.12204976     
0.15851    1.30221000      1.11302378     
0.15936    1.23870000      1.10537311     
0.16020    1.18035000      1.09903922     
0.16105    1.17117000      1.09380524     
0.16189    1.18513000      1.08988468     
0.16274    1.14209000      1.08684862     
0.16358    1.12703000      1.08470358     
0.16443    1.15837000      1.08325620     
0.16527    1.14015000      1.08241385     
0.16612    1.06031000      1.08216958     
0.16696    1.02256000      1.08227249     
0.16781    1.01227000      1.08285385     
0.16865    1.05963000      1.08359483     
0.16950    1.06839000      1.08451697     
0.17034    1.06138000      1.08550579     
0.17119    1.03169000      1.08646139     
0.17203    0.99889600      1.08743991     
0.17288    0.95378600      1.08826096     
0.17372    0.94184900      1.08879058     
0.17457    0.97760800      1.08912863     
0.17541    0.93646000      1.08915225     
0.17626    0.91121000      1.08882551     
0.17711    0.96033500      1.08820949     
0.17795    0.94265700      1.08708041     
0.17880    0.88542200      1.08558602     
0.17964    0.90134800      1.08358794     
0.18049    0.93592300      1.08119270     
0.18133    0.96225000      1.07838802     
0.18218    0.90318000      1.07509614     
0.18302    0.92883400      1.07129606     
0.18387    0.95782900      1.06705247     
0.18471    0.93601400      1.06228908     
0.18555    0.90212700      1.05714568     
0.18640    0.87825000      1.05161795     
0.18725    0.86063000      1.04567378     
0.18809    0.80980900      1.03928837     
0.18894    0.82939800      1.03261080     
0.18978    0.84772300      1.02544345     
0.19063    0.85594200      1.01805330     
0.19147    0.84688800      1.01038526     
0.19232    0.80307200      1.00240700     
0.19316    0.76626300      0.99415323     
0.19401    0.83389800      0.98572457     
0.19485    0.84133800      0.97697274     
0.19570    0.81587200      0.96811195     
0.19654    0.80218300      0.95910845     
0.19739    0.77372700      0.94992496     
0.19823    0.79242800      0.94059657     
0.19908    0.80512100      0.93122911     
0.19992    0.78515400      0.92175236     
0.20077    0.77699000      0.91213555     
0.20161    0.76833800      0.90251157     
0.20246    0.73859800      0.89283088     
0.20330    0.78289700      0.88311291     
0.20415    0.76849700      0.87340641     
0.20499    0.80127000      0.86370468     
0.20584    0.77636800      0.85392430     
0.20668    0.78259300      0.84422153     
0.20753    0.74109400      0.83454486     
0.20837    0.69326400      0.82486963     
0.20922    0.70999800      0.81521200     
0.21006    0.72910300      0.80562073     
0.21091    0.70751900      0.79608514     
0.21175    0.74578300      0.78654134     
0.21260    0.69420600      0.77708394     
0.21344    0.68965100      0.76770143     
0.21429    0.76470000      0.75836380     
0.21513    0.77795800      0.74906513     
0.21598    0.76135800      0.73987465     
0.21682    0.76534700      0.73077324     
0.21767    0.78523300      0.72170814     
0.21851    0.72214900      0.71274397     
0.21936    0.73053700      0.70388663     
0.22020    0.70190300      0.69512375     
0.22105    0.65378200      0.68645109     
0.22189    0.70569200      0.67786411     
0.22274    0.73648600      0.66942779     
0.22358    0.69539200      0.66111224     
0.22443    0.67564000      0.65290175     
0.22527    0.76505000      0.64481350     
0.22612    0.78412900      0.63688351     
0.22696    0.77141100      0.62911264     
0.22781    0.74357400      0.62150816     
0.22865    0.71894400      0.61401866     
0.22950    0.72851000      0.60671283     
0.23034    0.72287800      0.59959220     
0.23119    0.70493200      0.59262621     
0.23203    0.70873100      0.58580598     
0.23288    0.65276200      0.57924378     
0.23372    0.62845600      0.57287260     
0.23457    0.65925600      0.56668259     
0.23541    0.68369600      0.56066751     
0.23626    0.70631300      0.55484138     
0.23710    0.67728000      0.54923168     
0.23795    0.63747500      0.54383170     
0.23879    0.61611300      0.53865218     
0.23964    0.63214800      0.53364294     
0.24048    0.65513400      0.52884567     
0.24133    0.70905400      0.52425622     
0.24217    0.71226100      0.51984916     
0.24302    0.70161700      0.51562228     
0.24386    0.69641600      0.51161356     
0.24471    0.69323700      0.50775070     
0.24555    0.64465100      0.50406738     
0.24640    0.62050700      0.50055614     
0.24724    0.65526900      0.49719997     
0.24809    0.66386600      0.49398506     
0.24893    0.70716800      0.49088834     
0.24978    0.71829700      0.48796589     
0.25062    0.67192200      0.48515554     
0.25147    0.65022900      0.48245945     
