0.010642 1.379233 0.701673
0.011250 0.071089 0.774726
0.011858 1.287401 0.459528
0.012467 1.367217 0.475327
0.013075 2.068186 0.412088
0.013683 0.803603 0.315704
0.014291 0.933147 0.358013
0.014899 0.992596 0.282142
0.015507 0.545148 0.179699
0.016115 1.329466 0.226766
0.016724 0.843342 0.216630
0.017332 0.741061 0.165675
0.017940 1.214032 0.178211
0.018548 0.728405 0.144298
0.019156 0.758661 0.128017
0.019764 0.742494 0.158572
0.020372 0.688548 0.110634
0.020980 0.934870 0.100740
0.021589 0.892362 0.101938
0.022197 0.819227 0.077738
0.022805 0.865184 0.094173
0.023413 0.843038 0.099495
0.024021 0.867400 0.081191
0.024629 0.701452 0.083297
0.025237 0.801405 0.082531
0.025845 0.687623 0.081853
0.026454 0.913240 0.088546
0.027062 0.779191 0.079136
0.027670 0.836351 0.076945
0.028278 0.782666 0.062472
0.028886 0.781358 0.076973
0.029494 0.768623 0.063547
0.030102 0.715912 0.074185
0.030710 0.705013 0.066402
0.031319 0.780363 0.059865
0.031927 0.825518 0.062193
0.032535 0.894906 0.064340
0.033143 0.849322 0.059956
0.033751 0.813147 0.065238
0.034359 0.793729 0.064325
0.034967 0.800135 0.064906
0.035575 0.812586 0.064963
0.036184 0.798258 0.063295
0.036792 0.761219 0.059461
0.037400 0.758032 0.071517
0.038008 0.767791 0.070712
0.038616 0.875063 0.062495
0.039224 0.659162 0.059900
0.039832 0.654784 0.056149
0.040440 0.738553 0.065106
0.041049 0.754324 0.055365
0.041657 0.687959 0.053793
0.042265 0.720609 0.052943
0.042873 0.712360 0.054078
0.043481 0.714162 0.052418
0.044089 0.709041 0.051914
0.044697 0.645181 0.053414
0.045305 0.720929 0.050836
0.045914 0.773706 0.049107
0.046522 0.796545 0.046154
0.047130 0.738668 0.056633
0.047738 0.793189 0.044413
0.048346 0.717729 0.051163
0.048954 0.841863 0.048511
0.049562 0.851997 0.045055
0.050170 0.805649 0.045764
0.050779 0.834786 0.044859
0.051387 0.689776 0.044918
0.051995 0.703638 0.045009
0.052603 0.647967 0.047002
0.053211 0.666515 0.039054
0.053819 0.709093 0.050668
0.054427 0.664402 0.039517
0.055035 0.627494 0.041376
0.055644 0.716382 0.042014
0.056252 0.637284 0.035631
0.056860 0.691882 0.040406
0.057468 0.585002 0.046529
0.058076 0.706588 0.046805
0.058684 0.575446 0.049014
0.059292 0.592907 0.043300
0.059900 0.602324 0.040145
0.060508 0.496640 0.037446
0.061117 0.609041 0.046405
0.061725 0.586808 0.047068
0.062333 0.612725 0.042193
0.062941 0.539142 0.042425
0.063549 0.572742 0.048754
0.064157 0.468658 0.158996
0.064765 0.522292 0.156073
0.065373 0.533389 0.042650
0.065982 0.481626 0.045180
0.066590 0.537847 0.037246
0.067198 0.525341 0.041857
0.067806 0.516561 0.043051
0.068414 0.536231 0.040628
0.069022 0.556016 0.043618
0.069630 0.508370 0.036483
0.070238 0.552833 0.038727
0.070847 0.425842 0.038535
0.071455 0.498725 0.033232
0.072063 0.501534 0.037609
0.072671 0.443673 0.037970
0.073279 0.505074 0.037498
0.073887 0.472297 0.033423
0.074495 0.475267 0.036557
0.075103 0.520974 0.034778
0.075711 0.467960 0.036050
0.076320 0.434207 0.033972
0.076928 0.474738 0.039257
0.077536 0.397449 0.031614
0.078144 0.394784 0.038398
0.078752 0.364444 0.033394
0.079360 0.403364 0.039298
0.079968 0.366723 0.037876
0.080576 0.380929 0.032917
0.081184 0.408365 0.032419
0.081793 0.399636 0.033666
0.082401 0.366848 0.036027
0.083009 0.373631 0.035278
0.083617 0.367218 0.037098
0.084225 0.378920 0.033150
0.084833 0.396520 0.062217
0.085441 0.430096 0.056413
0.086049 0.327066 0.033781
0.086658 0.381913 0.037865
0.087266 0.302141 0.038735
0.087874 0.279661 0.073622
0.088482 0.302083 0.056703
0.089090 0.307708 0.097998
0.089698 0.318590 0.101252
0.090306 0.343863 0.031039
0.090914 0.340776 0.056723
0.091522 0.351120 0.031894
0.092131 0.364613 0.038493
0.092739 0.391343 0.042434
0.093347 0.356883 0.060293
0.093955 0.335203 0.093490
0.094563 0.285893 0.029203
0.095171 0.283944 0.050998
0.095779 0.267215 0.032034
0.096387 0.263716 0.032558
0.096995 0.222971 0.030510
0.097604 0.250311 0.032459
0.098212 0.263791 0.030805
0.098820 0.267197 0.029795
0.099428 0.219945 0.032378
0.100036 0.271334 0.030334
0.100644 0.253425 0.030729
0.101252 0.211974 0.027596
0.101860 0.278741 0.028662
0.102468 0.188288 0.028676
0.103076 0.221837 0.031217
0.103685 0.201450 0.028724
0.104293 0.197804 0.028312
0.104901 0.223260 0.027894
0.105509 0.231184 0.029109
0.106117 0.211438 0.029751
0.106725 0.222457 0.028908
0.107333 0.193273 0.028831
0.107941 0.240193 0.027795
0.108549 0.192250 0.029820
0.109158 0.213870 0.026179
0.109766 0.181839 0.028531
0.110374 0.205058 0.026071
0.110982 0.186335 0.026184
0.111590 0.175321 0.026183
0.112198 0.179009 0.027884
0.112806 0.165290 0.029697
0.113414 0.129545 0.028543
0.114022 0.131767 0.026910
0.114630 0.148457 0.028079
0.115239 0.188405 0.024572
0.115847 0.163790 0.027566
0.116455 0.164242 0.027629
0.117063 0.145944 0.026619
0.117671 0.173228 0.025657
0.118279 0.175178 0.025487
0.118887 0.134579 0.023349
0.119495 0.194845 0.025445
0.120103 0.153027 0.025851
0.120711 0.133889 0.026290
0.121320 0.119564 0.028564
0.121928 0.162888 0.024187
0.122536 0.145735 0.026877
0.123144 0.101872 0.024354
0.123752 0.131165 0.026389
0.124360 0.151308 0.027235
0.124968 0.093434 0.026310
0.125576 0.177708 0.025901
0.126184 0.132668 0.024675
0.126792 0.112968 0.026914
0.127401 0.138111 0.025640
0.128009 0.127545 0.024489
0.128617 0.143723 0.026394
0.129225 0.172653 0.025866
0.129833 0.136227 0.025580
0.130441 0.172069 0.028755
0.131049 0.144121 0.025767
0.131657 0.079374 0.027083
0.132265 0.094664 0.027187
0.132873 0.079833 0.026505
0.133481 0.132949 0.028407
0.134090 0.142732 0.025564
0.134698 0.115166 0.024820
0.135306 0.109957 0.023560
0.135914 0.105101 0.025257
0.136522 0.079150 0.024607
0.137130 0.060044 0.024583
0.137738 0.072953 0.024583
0.138346 0.103367 0.024442
0.138954 0.088363 0.024768
0.139562 0.114592 0.025418
0.140170 0.095827 0.035061
0.140779 0.111883 0.050848
0.141387 0.062440 0.111600
0.141995 0.112081 0.199170
0.142603 0.051754 0.025237
0.143211 0.137141 0.022934
0.143819 0.097307 0.021511
0.144427 0.091799 0.023348
0.145035 0.087619 0.023778
0.145643 0.065878 0.025704
0.146251 0.059213 0.025876
0.146859 0.083501 0.024108
0.147467 0.047455 0.025777
0.148076 0.103916 0.024080
0.148684 0.039416 0.053245
0.149292 0.129130 0.034001
0.149900 0.057904 0.023410
0.150508 0.102392 0.022256
0.151116 0.051006 0.023964
0.151724 0.094586 0.022101
0.152332 0.100491 0.023556
0.152940 0.098952 0.022859
0.153548 0.089068 0.031155
0.154156 0.112748 0.040452
0.154764 0.054395 0.026242
0.155372 0.079598 0.024309
0.155981 0.050589 0.021953
0.156589 0.080715 0.023160
0.157197 0.035132 0.021888
0.157805 0.087184 0.023095
0.158413 0.029196 0.022748
0.159021 0.081861 0.022514
0.159629 0.013998 0.022820
0.160237 0.089470 0.022415
0.160845 0.059906 0.022385
0.161453 0.042145 0.023258
0.162061 0.042155 0.021109
0.162669 0.051294 0.019635
0.163277 0.065845 0.021004
0.163886 0.110113 0.020870
0.164494 0.065898 0.022748
0.165102 0.116912 0.023854
0.165710 0.057904 0.021854
0.166318 0.045204 0.023013
0.166926 0.044131 0.022660
0.167534 0.036086 0.022139
0.168142 0.007936 0.023578
0.168750 0.004638 0.022074
0.169358 0.026042 0.024286
0.169966 0.022830 0.020852
0.170574 0.074783 0.022214
0.171182 0.023729 0.021310
0.171790 0.058224 0.020874
0.172399 0.056290 0.021012
0.173007 0.083644 0.020376
0.173615 0.071944 0.019975
0.174223 0.054705 0.021791
0.174831 0.081033 0.020332
0.175439 0.052829 0.022596
0.176047 0.091840 0.022750
0.176655 0.035845 0.022909
0.177263 0.046139 0.022409
0.177871 0.025368 0.022425
0.178479 0.033519 0.021980
0.179087 0.076257 0.019786
0.179695 0.022341 0.022467
0.180303 0.037947 0.020966
0.180911 0.071620 0.021903
0.181519 0.049596 0.022635
0.182128 0.052981 0.020801
0.182736 0.040229 0.021659
0.183344 0.006238 0.036138
0.183952 0.039197 0.020083
0.184560 0.025949 0.023117
0.185168 0.009559 0.020665
0.186384 0.056293 0.020336
0.187600 0.027630 0.021774
0.188208 0.014080 0.020802
0.188816 0.037580 0.022121
0.189424 0.046817 0.020779
0.190032 0.062162 0.021572
0.190640 0.056340 0.020648
0.191248 0.070806 0.021058
0.191856 0.062317 0.022414
0.192465 0.087382 0.021249
0.193073 0.030462 0.020914
0.193681 0.087062 0.021168
0.194289 0.017908 0.021117
0.195505 0.056064 0.026201
0.196113 0.040400 0.033596
0.196721 0.061928 0.021983
0.197329 0.042468 0.021456
0.197937 0.019721 0.022937
0.198545 0.028679 0.019985
0.199153 0.020624 0.021525
0.199761 0.052255 0.020174
0.200369 0.077208 0.022217
0.200977 0.060523 0.022151
0.201585 0.031233 0.021790
0.202193 0.065794 0.020413
0.202801 0.060788 0.029074
0.203409 0.039517 0.021984
0.204017 0.031145 0.026875
0.204625 0.002764 0.021360
0.205233 0.043023 0.020903
0.205842 0.055779 0.020798
0.206450 0.060194 0.019904
0.207058 0.027095 0.019897
0.207666 0.026976 0.021327
0.208274 0.019837 0.020178
0.208882 0.011813 0.021113
0.209490 0.034910 0.020703
0.210098 0.018115 0.018853
0.210706 0.018701 0.019325
0.211314 0.059540 0.021911
0.211922 0.051350 0.019997
0.212530 0.041316 0.020269
0.213138 0.041854 0.020579
0.213746 0.030601 0.020925
0.214354 0.001693 0.020654
0.214962 0.033901 0.020157
0.215570 0.046306 0.019759
0.216178 0.063737 0.021822
0.216786 0.040800 0.019171
0.217394 0.012131 0.020564
0.218002 0.008078 0.022592
0.219218 0.040353 0.020843
0.219826 0.001472 0.019028
0.220434 0.048285 0.021013
0.221042 0.032391 0.020242
0.221650 0.026068 0.021106
0.222258 0.083293 0.019421
0.222866 0.029536 0.021384
0.223474 0.035329 0.021376
0.224083 0.017453 0.021426
0.226515 0.019259 0.020586
0.227123 0.014233 0.017960
0.227731 0.038825 0.021273
0.228339 0.033607 0.019489
0.228947 0.031371 0.021884
0.229555 0.074592 0.019929
0.230163 0.013304 0.020905
0.230771 0.045217 0.019223
0.231379 0.050647 0.019706
0.231987 0.000118 0.020211
0.232595 0.028240 0.018182
0.233203 0.022689 0.020328
0.233811 0.014633 0.019250
0.234419 0.028475 0.018478
0.235027 0.008520 0.020550
0.235635 0.042778 0.021506
0.236243 0.065952 0.020892
0.236851 0.058212 0.020166
0.237459 0.034705 0.018669
0.238067 0.028168 0.020779
0.238675 0.042220 0.019497
0.239283 0.016551 0.021566
0.239891 0.045067 0.018683
0.240499 0.043679 0.035625
0.241107 0.073374 0.022225
0.241715 0.069829 0.026936
0.242323 0.023958 0.041432
0.242931 0.027423 0.020038
0.243539 0.030963 0.021254
0.244147 0.017381 0.019194
0.244755 0.037125 0.020475
0.245363 0.012412 0.019478
0.245971 0.031191 0.020260
0.246579 0.001872 0.020612
0.247187 0.019602 0.019254
0.247795 0.008157 0.020026
0.249011 0.061392 0.019777
0.249619 0.036127 0.019932
0.250227 0.034738 0.020598
0.250835 0.036731 0.019488
0.251443 0.007392 0.021795
0.252051 0.025848 0.018522
0.253267 0.029028 0.021007
0.253875 0.019511 0.020226
0.254483 0.032889 0.020011
0.255091 0.016191 0.020868
0.255699 0.022047 0.019920
0.256307 0.014720 0.020260
0.256915 0.015660 0.032169
0.257523 0.043975 0.111967
0.258131 0.043685 0.020359
0.258739 0.061219 0.029921
0.259347 0.076641 0.019131
0.259955 0.058871 0.020304
0.260563 0.058017 0.019616
0.261171 0.046809 0.020852
0.261779 0.055508 0.021981
0.262387 0.031319 0.019470
0.262995 0.060036 0.029411
0.263603 0.032483 0.020614
0.264211 0.006925 0.019485
0.264819 0.005397 0.021014
0.265427 0.054529 0.029816
0.266035 0.009092 0.021225
0.266643 0.041727 0.017850
0.267251 0.082546 0.021152
0.267859 0.030068 0.018134
0.268467 0.013279 0.018270
0.269075 0.056483 0.018680
0.269683 0.039131 0.018722
0.270291 0.070882 0.019000
0.270899 0.022586 0.020890
0.271507 0.016293 0.018513
0.272115 0.023502 0.019646
0.272723 0.054202 0.018275
0.273331 0.062447 0.019750
0.273939 0.040706 0.018128
0.274547 0.033748 0.019429
0.275154 0.021054 0.019380
0.275762 0.033933 0.020409
0.276370 0.017227 0.019352
0.276978 0.048352 0.019737
0.277586 0.037000 0.019161
0.278194 0.050338 0.019052
0.278802 0.055985 0.018870
0.279410 0.035366 0.019628
0.280018 0.026784 0.018666
0.280626 0.032153 0.018764
0.281234 0.040255 0.019047
0.281842 0.035493 0.019214
0.282450 0.034298 0.017973
0.283058 0.032633 0.019063
0.283666 0.012930 0.018957
0.284274 0.000458 0.018559
0.284882 0.039631 0.019215
0.285490 0.033925 0.018734
0.286098 0.021452 0.017673
0.286706 0.053720 0.018123
0.287314 0.017605 0.018125
0.287922 0.038510 0.018325
0.288530 0.009040 0.018896
0.289746 0.017116 0.018196
0.290354 0.027453 0.018264
0.290962 0.017035 0.018825
0.291569 0.043685 0.018522
0.292177 0.019012 0.018427
0.292785 0.029868 0.018243
0.293393 0.018602 0.017656
0.294001 0.029966 0.018990
0.295217 0.037079 0.017774
0.295825 0.012272 0.018476
0.297041 0.015029 0.017610
0.298865 0.004362 0.016443
0.299473 0.015892 0.017054
0.300081 0.039522 0.018184
0.300689 0.026999 0.019467
0.301297 0.022242 0.017404
0.301905 0.017379 0.017883
0.303120 0.016285 0.018304
0.303728 0.017325 0.016645
0.304336 0.031608 0.017034
0.305552 0.022456 0.019208
0.306768 0.039598 0.028414
0.307376 0.037373 0.029936
0.307984 0.003688 0.023693
0.309200 0.010775 0.016796
0.309808 0.008878 0.017796
0.310416 0.046769 0.017482
0.311024 0.038531 0.016990
0.311632 0.017894 0.016108
0.312239 0.044714 0.018352
0.312847 0.024433 0.018703
0.314063 0.009059 0.020273
0.314671 0.060210 0.021685
0.315887 0.031719 0.021889
0.317103 0.013371 0.020751
0.317711 0.025083 0.022889
0.318319 0.017012 0.023595
0.318927 0.040710 0.025357
0.319535 0.033176 0.027675
0.320142 0.038550 0.024799
0.320750 0.034972 0.024843
0.321358 0.071776 0.026021
0.321966 0.034622 0.030143
0.322574 0.085108 0.026606
0.323182 0.020740 0.031522
0.323790 0.027403 0.037490
