0.010641 145.451088 1.590191
0.011250 145.369018 1.971849
0.011858 149.710081 4.233699
0.012466 146.919599 1.590708
0.013074 143.636930 2.139223
0.013682 140.773691 2.212177
0.014290 136.878558 3.461719
0.014898 137.210424 2.178297
0.015506 133.266975 2.569287
0.016114 128.164214 2.606539
0.016722 128.909574 1.917723
0.017330 120.424574 2.342199
0.017938 121.177741 1.993349
0.018546 117.838832 1.873377
0.019155 113.431951 1.909969
0.019763 112.435186 2.020337
0.020371 107.462458 1.308046
0.020979 105.884468 1.977508
0.021587 102.765097 1.378777
0.022195 100.609955 1.593845
0.022803 97.344260 1.551135
0.023411 96.023443 1.537008
0.024019 91.235097 1.326716
0.024627 90.585010 1.360955
0.025235 87.408688 1.335318
0.025843 85.637141 1.095067
0.026452 82.635023 1.339608
0.027060 81.714627 1.043649
0.027668 77.480325 1.052012
0.028276 76.871230 1.025495
0.028884 73.812129 1.074271
0.029492 72.351222 0.852172
0.030100 69.893804 1.094657
0.030708 68.690481 0.826916
0.031316 65.697518 0.922665
0.031924 64.577484 0.815133
0.032532 62.962156 0.866278
0.033140 58.990913 0.707335
0.033748 58.886405 0.799948
0.034357 56.546230 0.755006
0.034965 55.645698 0.670851
0.035573 53.605151 0.695943
0.036181 52.481582 0.654490
0.036789 50.260376 0.633517
0.037397 49.943295 0.622369
0.038005 48.362566 0.597983
0.038613 46.861490 0.546394
0.039221 45.788397 0.568568
0.039829 44.765265 0.495258
0.040437 43.128702 0.490188
0.041045 42.107957 0.452169
0.041654 41.575796 0.495640
0.042262 39.696970 0.416708
0.042870 39.381920 0.450315
0.043478 38.116555 0.416201
0.044086 37.080677 0.410045
0.044694 36.020366 0.403107
0.045302 35.441367 0.344885
0.045910 34.063782 0.330797
0.046518 33.614393 0.336798
0.047126 32.836670 0.334631
0.047734 31.743186 0.311432
0.048342 31.418420 0.332446
0.048950 30.154715 0.274922
0.049559 29.637790 0.280786
0.050167 28.896314 0.257556
0.050775 28.598872 0.265480
0.051383 27.323934 0.264331
0.051991 27.197888 0.267630
0.052599 26.011342 0.241014
0.053207 25.784055 0.241265
0.053815 24.989935 0.219200
0.054423 24.641883 0.214563
0.055031 23.940320 0.207892
0.055639 23.542415 0.196649
0.056247 22.701617 0.197958
0.056855 22.447804 0.193052
0.057463 21.893024 0.190116
0.058072 21.108927 0.167846
0.058680 21.081300 0.186376
0.059288 20.165728 0.163014
0.059896 20.055747 0.150247
0.060504 19.395123 0.146465
0.061112 19.339287 0.162097
0.061720 18.689173 0.139237
0.062328 18.406799 0.156337
0.062936 17.882152 0.153895
0.063544 17.597172 0.145974
0.064152 17.016211 0.164513
0.064760 16.983367 0.146173
0.065368 16.341687 0.143867
0.065977 16.281187 0.132713
0.066585 16.035712 0.130616
0.067193 15.467314 0.126562
0.067801 15.331510 0.135035
0.068409 14.826184 0.122087
0.069017 14.368006 0.123902
0.069625 14.127089 0.120961
0.070233 13.970047 0.123860
0.070841 13.621083 0.119033
0.071449 13.481351 0.108101
0.072057 13.173860 0.107835
0.072665 12.913604 0.119408
0.073273 12.470033 0.108091
0.073881 12.429936 0.101726
0.074490 11.965176 0.110023
0.075098 11.821632 0.106060
0.075706 11.652483 0.101024
0.076314 11.211880 0.097549
0.076922 11.102655 0.097681
0.077530 10.957105 0.097032
0.078138 10.744388 0.089057
0.078746 10.428886 0.098461
0.079354 10.428115 0.088351
0.079962 10.086067 0.089824
0.080570 9.990231 0.086069
0.081178 9.667367 0.090118
0.081786 9.513476 0.083057
0.082394 9.224293 0.087149
0.083002 9.069211 0.083935
0.083611 8.873917 0.089732
0.084219 8.667285 0.085567
0.084827 8.499226 0.088063
0.085435 8.453740 0.078804
0.086043 8.269897 0.076660
0.086651 8.282562 0.081328
0.087259 8.017764 0.084035
0.087867 7.722563 0.076502
0.088475 7.599184 0.078810
0.089083 7.410905 0.072633
0.089691 7.386121 0.078545
0.090299 7.191395 0.074331
0.090907 7.066660 0.081358
0.091515 6.906378 0.081876
0.092123 6.894790 0.074321
0.092732 6.605864 0.068901
0.093340 6.466021 0.069530
0.093948 6.260565 0.076975
0.094556 6.252678 0.071169
0.095164 6.077954 0.065751
0.095772 5.903406 0.085732
0.096380 5.819914 0.081661
0.096988 5.679167 0.074150
0.097596 5.675467 0.081313
0.098204 5.421764 0.075614
0.098812 5.375486 0.068762
0.099420 5.212726 0.066413
0.100028 5.127759 0.067999
0.100636 5.067388 0.068164
0.101244 4.887879 0.067587
0.101852 4.801910 0.070694
0.102461 4.624400 0.068369
0.103069 4.560361 0.063935
0.103677 4.489269 0.061604
0.104285 4.376541 0.065808
0.104893 4.360150 0.063215
0.105501 4.197441 0.060510
0.106109 3.921227 0.063214
0.106717 3.868711 0.064358
0.107325 3.758532 0.063571
0.107933 3.795410 0.064494
0.108541 3.745359 0.062973
0.109149 3.622483 0.067822
0.109757 3.560944 0.061499
0.110365 3.492337 0.062256
0.110973 3.314165 0.057310
0.111581 3.265791 0.056057
0.112189 3.196015 0.062913
0.112798 3.067406 0.059782
0.113406 3.108797 0.060521
0.114014 2.939950 0.062656
0.114622 2.848572 0.060424
0.115230 2.715488 0.058526
0.115838 2.826515 0.060926
0.116446 2.577919 0.063570
0.117054 2.660624 0.054541
0.117662 2.620907 0.061987
0.118270 2.539410 0.052880
0.118878 2.473713 0.060912
0.119486 2.392869 0.057390
0.120094 2.229935 0.053116
0.120702 2.283801 0.054901
0.121310 2.178796 0.060313
0.121918 2.137496 0.055782
0.122526 2.056501 0.056554
0.123134 2.055894 0.051128
0.123742 2.020492 0.053882
0.124351 1.878974 0.054486
0.124959 1.846955 0.055658
0.125567 1.806463 0.056618
0.126175 1.771473 0.055195
0.126783 1.735999 0.057149
0.127391 1.700962 0.052526
0.127999 1.639033 0.055473
0.128607 1.613214 0.051871
0.129215 1.576526 0.058133
0.129823 1.450909 0.053048
0.130431 1.533700 0.057251
0.131039 1.358770 0.051468
0.131647 1.328995 0.049468
0.132255 1.334967 0.053687
0.132863 1.292488 0.053497
0.133471 1.150717 0.058375
0.134079 1.270369 0.050030
0.134687 1.139101 0.055135
0.135295 1.169147 0.050692
0.135903 1.160267 0.052430
0.136511 1.047699 0.051084
0.137119 0.939346 0.056309
0.137728 0.978130 0.054190
0.138336 1.031519 0.048154
0.138944 0.904729 0.048439
0.139552 0.892171 0.049988
0.140160 0.944115 0.048380
0.140768 0.861887 0.049597
0.141376 0.845207 0.049759
0.141984 0.832441 0.053299
0.142592 0.804933 0.049163
0.143200 0.736028 0.049619
0.143808 0.670304 0.048790
0.144416 0.701746 0.052015
0.145024 0.806189 0.050037
0.145632 0.740231 0.050826
0.146240 0.739872 0.046621
0.146848 0.685533 0.047618
0.147456 0.769449 0.047832
0.148064 0.673414 0.052032
0.148672 0.766838 0.051260
0.149280 0.590275 0.048900
0.149888 0.513095 0.049352
0.150496 0.583838 0.047951
0.151104 0.467071 0.046434
0.151712 0.431505 0.046630
0.152320 0.489761 0.048881
0.152928 0.477870 0.045213
0.153537 0.533095 0.044798
0.154145 0.468398 0.048176
0.154753 0.492275 0.048513
0.155361 0.441882 0.043329
0.155969 0.437658 0.046318
0.156577 0.458201 0.047646
0.157185 0.505142 0.048490
0.157793 0.468195 0.048114
0.158401 0.539447 0.047259
0.159009 0.425190 0.046224
0.159617 0.458480 0.048938
0.160225 0.437283 0.079704
0.160833 0.427785 0.045189
0.161441 0.356269 0.044972
0.162049 0.315479 0.044322
0.162657 0.308198 0.045100
0.163265 0.316280 0.043772
0.163873 0.266708 0.043292
0.164481 0.310763 0.042423
0.165089 0.341772 0.044452
0.165697 0.341587 0.043073
0.166305 0.289867 0.043518
0.166913 0.298090 0.043991
0.167521 0.256917 0.040377
0.168129 0.178381 0.045916
0.168737 0.136000 0.041431
0.169345 0.256938 0.041334
0.169953 0.126018 0.043904
0.170561 0.243179 0.042261
0.171169 0.138086 0.044972
0.171777 0.193214 0.043547
0.172385 0.229966 0.045335
0.172993 0.174600 0.040594
0.173601 0.223470 0.046451
0.174209 0.171428 0.041266
0.174817 0.225379 0.081608
0.175425 0.258944 0.041570
0.176033 0.153785 0.054146
0.176641 0.255497 0.040449
0.177250 0.317575 0.041046
0.177858 0.216334 0.042492
0.178466 0.245982 0.045396
0.179074 0.146473 0.048561
0.179682 0.212676 0.041957
0.180290 0.198170 0.055180
0.180898 0.177207 0.043981
0.181506 0.166693 0.043100
0.182114 0.169293 0.040904
0.182722 0.091838 0.040615
0.183330 0.180207 0.041866
0.183938 0.067757 0.040659
0.184546 0.088994 0.041861
0.185154 0.126174 0.045641
0.185762 0.172083 0.042154
0.186370 0.179312 0.042651
0.186978 0.162552 0.041546
0.187586 0.127634 0.043667
0.188194 0.154825 0.039577
0.188802 0.147417 0.042373
0.189410 0.185822 0.038912
0.190018 0.104594 0.041783
0.190626 0.217310 0.042283
0.191234 0.029071 0.043234
0.191842 0.051147 0.043064
0.192450 0.079442 0.042950
0.193058 0.075676 0.041766
0.193666 0.096461 0.039855
0.194274 0.097234 0.040441
0.194882 0.106898 0.039678
0.195490 0.158511 0.041455
0.196098 0.165968 0.039403
0.196706 0.087164 0.043440
0.197314 0.113037 0.040007
0.197922 0.024661 0.042807
0.198530 0.029799 0.041135
0.199746 0.061404 0.040223
0.200354 0.056390 0.040968
0.201570 0.066826 0.038005
0.202178 0.026213 0.041635
0.202786 0.065905 0.037586
0.203394 0.077076 0.039256
0.204002 0.006145 0.039073
0.204610 0.033537 0.038252
0.205218 0.044123 0.036682
0.205826 0.013780 0.042308
0.206434 0.093198 0.037452
0.207042 0.059155 0.042218
0.207650 0.108210 0.038603
0.208258 0.045532 0.039364
0.208866 0.028369 0.040378
0.209474 0.026575 0.039132
0.210082 0.009906 0.039811
0.210690 0.000595 0.037287
0.211298 0.026697 0.038852
0.211906 0.097183 0.037114
0.212514 0.110552 0.039532
0.213122 0.123374 0.038552
0.213730 0.098110 0.047086
0.214338 0.057420 0.037822
0.214946 0.155758 0.038806
0.216162 0.075123 0.038937
0.219202 0.024925 0.036999
0.219810 0.048240 0.037276
0.220418 0.057146 0.036214
0.223457 0.008567 0.037945
0.224673 0.026562 0.040981
0.225889 0.003025 0.036895
0.226497 0.031227 0.037977
0.231361 0.013874 0.034648
0.321334 0.006951 0.058016
