0.010641 790.465583 78.482442
0.011250 720.119824 51.426487
0.011858 681.296193 57.899450
0.012466 603.748007 18.945572
0.013074 589.165388 11.862011
0.013682 566.771754 8.668488
0.014290 559.071578 13.359297
0.014898 552.943347 8.982248
0.015506 538.272298 10.373975
0.016114 519.732525 11.192405
0.016722 517.775725 7.679304
0.017330 482.435010 9.864414
0.017938 485.903060 8.409404
0.018546 470.201918 7.756851
0.019155 447.237688 7.661193
0.019763 445.770544 8.129267
0.020371 423.758533 5.810966
0.020979 418.237088 8.332354
0.021587 405.428312 6.193387
0.022195 391.747956 6.299397
0.022803 380.493569 6.337791
0.023411 373.274764 6.202696
0.024019 355.501867 5.485610
0.024627 351.007799 5.642300
0.025235 338.723826 5.566567
0.025843 330.423220 4.584611
0.026452 319.099607 5.335587
0.027060 315.548971 4.321698
0.027668 297.245685 4.325927
0.028276 295.236644 4.377489
0.028884 283.794105 4.240393
0.029492 277.173425 3.511240
0.030100 267.530545 4.202015
0.030708 262.324967 3.230720
0.031316 251.288943 3.517033
0.031924 245.129717 3.156775
0.032532 239.544069 3.278603
0.033140 225.848938 2.752728
0.033748 224.779918 3.036180
0.034357 216.094715 2.759415
0.034965 211.197487 2.511943
0.035573 204.261441 2.641021
0.036181 199.729104 2.312074
0.036789 191.444012 2.382481
0.037397 188.765129 2.245173
0.038005 183.490427 2.169751
0.038613 177.734680 1.907627
0.039221 172.782572 2.178804
0.039829 168.330409 1.806256
0.040437 163.512505 1.917704
0.041045 158.764750 1.696620
0.041654 156.630078 1.764079
0.042262 149.623628 1.527844
0.042870 148.104311 1.602788
0.043478 142.935371 1.498850
0.044086 139.438831 1.429527
0.044694 135.792242 1.434888
0.045302 133.675427 1.281536
0.045910 128.558891 1.274578
0.046518 126.274850 1.224599
0.047126 123.047649 1.190424
0.047734 118.916052 1.114671
0.048342 117.084512 1.156864
0.048950 113.438617 0.944784
0.049559 110.787935 1.071092
0.050167 108.436490 0.949847
0.050775 106.787546 0.947091
0.051383 102.472225 0.896034
0.051991 102.073079 0.884408
0.052599 97.820192 0.817011
0.053207 96.758654 0.841202
0.053815 93.815450 0.756425
0.054423 91.654445 0.738419
0.055031 89.527306 0.736163
0.055639 88.041726 0.687168
0.056247 85.378662 0.685791
0.056855 84.180795 0.609995
0.057463 82.183195 0.659337
0.058072 79.666177 0.573219
0.058680 78.905618 0.643422
0.059288 76.267543 0.559598
0.059896 75.305687 0.573715
0.060504 72.831188 0.532891
0.061112 72.342017 0.540383
0.061720 69.380816 0.491560
0.062328 69.051743 0.516823
0.062936 66.869696 0.476530
0.063544 65.741447 0.449460
0.064152 63.846087 0.447991
0.064760 63.447433 0.426017
0.065368 61.275425 0.416358
0.065977 60.486323 0.414608
0.066585 59.234199 0.393764
0.067193 57.698349 0.358534
0.067801 56.965041 0.388062
0.068409 55.594775 0.351567
0.069017 54.891659 0.367369
0.069625 53.323697 0.356499
0.070233 52.857345 0.364229
0.070841 51.039929 0.319729
0.071449 50.668525 0.313976
0.072057 49.100150 0.318827
0.072665 48.483353 0.299140
0.073273 47.320331 0.302110
0.073881 46.868448 0.284855
0.074490 45.121358 0.285931
0.075098 44.687136 0.277194
0.075706 43.824107 0.279570
0.076314 42.761976 0.246421
0.076922 42.304553 0.262802
0.077530 41.190995 0.246112
0.078138 40.635178 0.251350
0.078746 39.791974 0.224226
0.079354 39.131551 0.224867
0.079962 38.045132 0.215104
0.080570 37.814405 0.225586
0.081178 36.484442 0.222175
0.081786 36.154039 0.214818
0.082394 35.114387 0.221939
0.083002 34.516774 0.204679
0.083611 33.704212 0.204166
0.084219 33.226498 0.190333
0.084827 32.301045 0.203054
0.085435 31.951396 0.200321
0.086043 31.310893 0.187525
0.086651 30.784312 0.182878
0.087259 30.307451 0.187100
0.087867 29.447590 0.171417
0.088475 28.989981 0.172086
0.089083 28.246483 0.172749
0.089691 27.916292 0.170994
0.090299 27.206680 0.161385
0.090907 26.978391 0.173682
0.091515 26.296718 0.170264
0.092123 25.665378 0.153655
0.092732 25.176047 0.154310
0.093340 24.846433 0.151202
0.093948 24.236603 0.156464
0.094556 23.667607 0.144468
0.095164 23.393845 0.153251
0.095772 22.703331 0.137008
0.096380 22.435456 0.145698
0.096988 21.843030 0.132864
0.097596 21.488965 0.133491
0.098204 21.005006 0.135033
0.098812 20.722700 0.131551
0.099420 20.154444 0.130644
0.100028 19.891173 0.124552
0.100636 19.501967 0.127289
0.101244 18.964753 0.118601
0.101852 18.595510 0.115499
0.102461 18.294611 0.117448
0.103069 17.828448 0.116973
0.103677 17.570212 0.112705
0.104285 17.200836 0.112384
0.104893 16.761759 0.105171
0.105501 16.529049 0.108135
0.106109 15.984583 0.102907
0.106717 15.674961 0.107397
0.107325 15.374966 0.099693
0.107933 15.036628 0.090710
0.108541 14.673275 0.093144
0.109149 14.393027 0.090108
0.109757 14.108281 0.097910
0.110365 13.664416 0.092447
0.110973 13.506940 0.097488
0.111581 13.065633 0.090800
0.112189 12.927639 0.097278
0.112798 12.706164 0.087492
0.113406 12.392807 0.089753
0.114014 12.044480 0.090470
0.114622 11.984452 0.082530
0.115230 11.437598 0.085625
0.115838 11.367063 0.091081
0.116446 11.027372 0.086640
0.117054 10.762026 0.087170
0.117662 10.570575 0.080981
0.118270 10.393634 0.083140
0.118878 10.001830 0.073823
0.119486 9.856668 0.079047
0.120094 9.548750 0.076475
0.120702 9.353529 0.070707
0.121310 9.194732 0.080434
0.121918 8.991198 0.072419
0.122526 8.729419 0.075861
0.123134 8.578529 0.069894
0.123742 8.394090 0.070665
0.124351 8.066007 0.069209
0.124959 7.957404 0.067567
0.125567 7.702674 0.071030
0.126175 7.424732 0.068554
0.126783 7.335158 0.071431
0.127391 7.242547 0.067418
0.127999 6.961695 0.065111
0.128607 6.838840 0.071164
0.129215 6.693965 0.065731
0.129823 6.487778 0.064312
0.130431 6.392499 0.064256
0.131039 6.210250 0.059877
0.131647 6.073207 0.064705
0.132255 5.937941 0.057754
0.132863 5.820421 0.059006
0.133471 5.675501 0.054126
0.134079 5.491266 0.059753
0.134687 5.346218 0.054910
0.135295 5.252303 0.061078
0.135903 5.099722 0.059434
0.136511 5.100383 0.060347
0.137119 4.839516 0.066094
0.137728 4.826932 0.063630
0.138336 4.701376 0.055656
0.138944 4.544913 0.056214
0.139552 4.517383 0.055602
0.140160 4.526834 0.052537
0.140768 4.375110 0.053374
0.141376 4.208248 0.055928
0.141984 4.202940 0.055142
0.142592 3.966461 0.050151
0.143200 3.938531 0.052903
0.143808 3.820728 0.054720
0.144416 3.797685 0.057066
0.145024 3.726360 0.056599
0.145632 3.675147 0.053489
0.146240 3.658051 0.051255
0.146848 3.597401 0.051193
0.147456 3.544125 0.055136
0.148064 3.438515 0.052948
0.148672 3.381021 0.049046
0.149280 3.259005 0.054142
0.149888 3.210574 0.047836
0.150496 3.138779 0.047506
0.151104 3.149741 0.052769
0.151712 3.008917 0.047381
0.152320 2.994766 0.048126
0.152928 2.927109 0.046783
0.153537 2.875132 0.051658
0.154145 2.804180 0.048218
0.154753 2.853311 0.045275
0.155361 2.715900 0.047068
0.155969 2.692351 0.041632
0.156577 2.580587 0.045025
0.157185 2.571331 0.043788
0.157793 2.472435 0.047381
0.158401 2.505682 0.046128
0.159009 2.396857 0.045309
0.159617 2.426293 0.048874
0.160225 2.377064 0.046410
0.160833 2.333518 0.048407
0.161441 2.312257 0.047909
0.162049 2.251696 0.044471
0.162657 2.307542 0.045180
0.163265 2.192407 0.047049
0.163873 2.140301 0.047023
0.164481 2.138054 0.043683
0.165089 2.098112 0.043510
0.165697 2.137964 0.041925
0.166305 2.007902 0.045153
0.166913 1.978653 0.047012
0.167521 1.948600 0.044980
0.168129 1.975644 0.044875
0.168737 1.945888 0.044400
0.169345 1.917602 0.043120
0.169953 1.781816 0.045478
0.170561 1.824256 0.045285
0.171169 1.779816 0.043325
0.171777 1.861580 0.046277
0.172385 1.772790 0.046574
0.172993 1.801296 0.044531
0.173601 1.724097 0.044463
0.174209 1.709652 0.040573
0.174817 1.650778 0.044866
0.175425 1.680734 0.043487
0.176033 1.633784 0.042906
0.176641 1.619618 0.045057
0.177250 1.611092 0.048496
0.177858 1.638294 0.048066
0.178466 1.589442 0.047105
0.179074 1.542196 0.043662
0.179682 1.461896 0.045951
0.180290 1.416159 0.044864
0.180898 1.436991 0.040946
0.181506 1.365115 0.045291
0.182114 1.405128 0.042274
0.182722 1.358882 0.043884
0.183330 1.392723 0.043584
0.183938 1.373496 0.046258
0.184546 1.417120 0.041509
0.185154 1.315828 0.041548
0.185762 1.283965 0.043671
0.186370 1.258377 0.044265
0.186978 1.265768 0.046283
0.187586 1.269545 0.040069
0.188194 1.213882 0.040999
0.188802 1.270759 0.042277
0.189410 1.118773 0.041893
0.190018 1.165659 0.040451
0.190626 1.250189 0.040141
0.191234 1.200149 0.040481
0.191842 1.212104 0.041166
0.192450 1.172320 0.040766
0.193058 1.217974 0.040807
0.193666 1.199608 0.041914
0.194274 1.089061 0.043519
0.194882 1.202330 0.041068
0.195490 1.106605 0.043599
0.196098 1.140105 0.039606
0.196706 1.117222 0.043696
0.197314 1.109280 0.041540
0.197922 1.173961 0.042751
0.198530 1.095474 0.043021
0.199138 1.183396 0.039376
0.199746 1.106190 0.042144
0.200354 1.193725 0.041109
0.200962 1.108967 0.041706
0.201570 1.051008 0.037609
0.202178 1.024334 0.042147
0.202786 0.982844 0.039167
0.203394 1.005982 0.041141
0.204002 0.972659 0.039751
0.204610 1.011592 0.039637
0.205218 0.925473 0.037574
0.205826 0.988121 0.041166
0.206434 0.988360 0.040644
0.207042 1.035707 0.042184
0.207650 1.014987 0.038722
0.208258 1.057710 0.042046
0.208866 0.910521 0.040448
0.209474 1.014065 0.037958
0.210082 0.891136 0.037392
0.210690 0.976472 0.037862
0.211298 0.931209 0.039824
0.211906 1.030134 0.037655
0.212514 0.940242 0.041421
0.213122 1.036960 0.040401
0.213730 1.006034 0.038644
0.214338 0.990122 0.037212
0.214946 0.974617 0.038491
0.215554 1.031854 0.039352
0.216162 0.958375 0.038284
0.216770 0.866480 0.037196
0.217378 0.850472 0.038486
0.217986 0.843643 0.036152
0.218594 0.884730 0.039541
0.219202 0.899869 0.037651
0.219810 0.789403 0.038999
0.220418 0.911909 0.037434
0.221025 0.915220 0.037732
0.221633 0.923377 0.037954
0.222241 0.862741 0.036383
0.222849 0.913070 0.036765
0.223457 0.846181 0.036783
0.224065 0.890624 0.040176
0.224673 0.873624 0.037971
0.225281 0.865416 0.038454
0.225889 0.805995 0.036059
0.226497 0.750246 0.038219
0.227105 0.795865 0.035652
0.227713 0.733840 0.037478
0.228321 0.714515 0.036384
0.228929 0.787473 0.036923
0.229537 0.716125 0.039976
0.230145 0.796285 0.036253
0.230753 0.688948 0.039074
0.231361 0.732737 0.036711
0.231969 0.720037 0.037476
0.232577 0.688176 0.037118
0.233185 0.671744 0.036652
0.233793 0.642285 0.036707
0.234401 0.659654 0.038452
0.235009 0.775776 0.035934
0.235617 0.726259 0.038282
0.236225 0.736002 0.036614
0.236833 0.667848 0.036786
0.237441 0.730581 0.035375
0.238049 0.667527 0.037104
0.238657 0.599425 0.038302
0.239265 0.689279 0.033990
0.239873 0.643190 0.038154
0.240481 0.656138 0.034561
0.241089 0.675307 0.036709
0.241697 0.675027 0.035857
0.242304 0.587822 0.036247
0.242912 0.630313 0.034994
0.243520 0.689254 0.036428
0.244128 0.636982 0.033524
0.244736 0.687881 0.034277
0.245344 0.693539 0.034025
0.245952 0.603466 0.035155
0.246560 0.608417 0.037292
0.247168 0.682543 0.036334
0.247776 0.645211 0.035111
0.248384 0.661815 0.035344
0.248992 0.580021 0.037270
0.249600 0.662925 0.037114
0.250208 0.504903 0.034380
0.250816 0.571144 0.036040
0.251424 0.491597 0.037922
0.252032 0.578185 0.036240
0.252640 0.546936 0.037943
0.253248 0.568904 0.036814
0.253856 0.599783 0.035362
0.254464 0.645550 0.037729
0.255072 0.573641 0.034758
0.255679 0.557524 0.034375
0.256287 0.601171 0.034912
0.256895 0.560800 0.035978
0.257503 0.547758 0.036946
0.258111 0.500094 0.034199
0.258719 0.491669 0.034263
0.259327 0.552153 0.033898
0.259935 0.518831 0.034793
0.260543 0.539430 0.035460
0.261151 0.592036 0.032708
0.261759 0.563762 0.032368
0.262367 0.510483 0.034359
0.262975 0.511997 0.032866
0.263583 0.521868 0.036068
0.264191 0.496528 0.036449
0.264799 0.536775 0.033321
0.265407 0.511880 0.033657
0.266014 0.458442 0.034661
0.266622 0.482697 0.035201
0.267230 0.448315 0.033936
0.267838 0.465902 0.034334
0.268446 0.450601 0.032631
0.269054 0.441516 0.031829
0.269662 0.489812 0.035079
0.270270 0.512584 0.033904
0.270878 0.462122 0.033442
0.271486 0.448835 0.035835
0.272094 0.472200 0.034141
0.272702 0.447142 0.032946
0.273310 0.468668 0.034788
0.273918 0.454805 0.033337
0.274526 0.496394 0.031223
0.275133 0.432090 0.031888
0.275741 0.539415 0.032816
0.276349 0.477861 0.032987
0.276957 0.497429 0.032121
0.277565 0.442298 0.032180
0.278173 0.472461 0.031762
0.278781 0.457162 0.033490
0.279389 0.428675 0.031526
0.279997 0.469520 0.030640
0.280605 0.456337 0.031806
0.281213 0.495814 0.032958
0.281821 0.505448 0.034843
0.282429 0.414450 0.030435
0.283036 0.428567 0.032404
0.283644 0.414645 0.029770
0.284252 0.434568 0.033347
0.284860 0.424603 0.034116
0.285468 0.457210 0.031007
0.286076 0.430244 0.032134
0.286684 0.464816 0.031830
0.287292 0.413906 0.031011
0.287900 0.402931 0.029468
0.288508 0.412050 0.031242
0.289116 0.362763 0.030746
0.289723 0.411076 0.031118
0.290331 0.415989 0.031056
0.290939 0.392062 0.031048
0.291547 0.356657 0.031019
0.292155 0.406153 0.031228
0.292763 0.382089 0.029314
0.293371 0.417336 0.030406
0.293979 0.433631 0.029014
0.294587 0.375122 0.032097
0.295195 0.388164 0.030758
0.295803 0.423550 0.031340
0.296410 0.391472 0.029001
0.297018 0.374827 0.030775
0.297626 0.424998 0.029203
0.298234 0.404237 0.030493
0.298842 0.364272 0.028717
0.299450 0.366666 0.031226
0.300058 0.361027 0.028215
0.300666 0.357716 0.030652
0.301274 0.346520 0.029226
0.301881 0.351591 0.029892
0.302489 0.372355 0.029411
0.303097 0.349100 0.027797
0.303705 0.353636 0.028433
0.304313 0.365631 0.029659
0.304921 0.377586 0.029602
0.305529 0.323248 0.027730
0.306137 0.409656 0.028174
0.306745 0.344137 0.028701
0.307353 0.403408 0.029560
0.307960 0.317444 0.029244
0.308568 0.369122 0.029028
0.309176 0.372736 0.029472
0.309784 0.381916 0.029920
0.310392 0.366528 0.027879
0.311000 0.347006 0.028062
0.311608 0.384054 0.028261
0.312216 0.282413 0.029682
0.312823 0.266710 0.028803
0.313431 0.309107 0.027666
0.314039 0.309999 0.028538
0.314647 0.341409 0.027703
0.315255 0.294635 0.033062
0.315863 0.286740 0.030753
0.316471 0.312773 0.032879
0.317079 0.339512 0.033467
0.317686 0.247214 0.035155
0.318294 0.253576 0.036060
0.318902 0.232236 0.041773
0.319510 0.220027 0.039918
0.320118 0.182347 0.044492
0.320726 0.351135 0.047711
0.321334 0.215461 0.049882
0.321942 0.307736 0.075318
