0.010641 214.993188 5.306481
0.011250 212.500107 2.496472
0.011858 212.163928 6.573383
0.012466 208.062032 2.375697
0.013074 205.887771 3.760612
0.013682 196.131766 3.367834
0.014290 193.989366 4.311057
0.014898 189.686449 3.357871
0.015506 184.509452 3.547898
0.016114 178.023603 3.917554
0.016722 180.015837 2.610430
0.017330 168.676494 3.081548
0.017938 170.452938 2.947846
0.018546 164.538066 2.703739
0.019155 156.816762 2.550138
0.019763 156.692685 2.735209
0.020371 149.643657 2.099766
0.020979 147.686010 2.786242
0.021587 143.080172 2.108885
0.022195 139.813371 2.349824
0.022803 134.977201 2.285560
0.023411 132.831396 2.225410
0.024019 126.399019 2.101745
0.024627 125.238911 2.024978
0.025235 120.668621 1.921771
0.025843 118.144948 1.751855
0.026452 114.370748 1.843255
0.027060 111.913743 1.493747
0.027668 106.735731 1.538093
0.028276 104.732349 1.489531
0.028884 101.677625 1.523759
0.029492 98.952630 1.287683
0.030100 95.857722 1.578138
0.030708 93.278156 1.181072
0.031316 90.607694 1.270414
0.031924 88.593266 1.088539
0.032532 86.797870 1.155976
0.033140 81.999262 0.962495
0.033748 81.201400 1.066518
0.034357 78.008389 0.992743
0.034965 76.180082 0.922767
0.035573 73.486479 0.951098
0.036181 72.001232 0.894491
0.036789 69.460003 0.836940
0.037397 68.466186 0.809672
0.038005 66.312134 0.800270
0.038613 64.044002 0.762803
0.039221 62.016774 0.872330
0.039829 60.273838 0.685461
0.040437 59.016920 0.782736
0.041045 57.379429 0.598681
0.041654 56.866904 0.703852
0.042262 54.782818 0.583530
0.042870 53.804339 0.642936
0.043478 52.550972 0.610450
0.044086 51.003585 0.597829
0.044694 49.898038 0.547037
0.045302 48.753993 0.506768
0.045910 46.902282 0.531298
0.046518 46.085591 0.520566
0.047126 44.675707 0.481754
0.047734 43.889896 0.480175
0.048342 42.647524 0.510736
0.048950 41.961003 0.392317
0.049559 40.563460 0.418900
0.050167 39.446607 0.359441
0.050775 39.333650 0.356871
0.051383 37.267000 0.308337
0.051991 37.395636 0.343093
0.052599 35.952216 0.396491
0.053207 35.457963 0.321917
0.053815 34.497122 0.502294
0.054423 33.711005 0.290950
0.055031 32.761650 0.305921
0.055639 32.362467 0.321599
0.056247 31.705745 0.293154
0.056855 31.281551 0.292304
0.057463 30.319606 0.287906
0.058072 29.322915 0.245374
0.058680 28.864794 0.295666
0.059288 28.044796 0.258682
0.059896 27.653425 0.279638
0.060504 26.996729 0.261065
0.061112 26.444162 0.291410
0.061720 25.862731 0.247391
0.062328 25.208495 0.264033
0.062936 24.682020 0.248756
0.063544 24.631136 0.218829
0.064152 23.952361 0.245353
0.064760 23.602622 0.253126
0.065368 22.424015 0.233779
0.065977 22.461556 0.223068
0.066585 21.811868 0.233677
0.067193 20.897651 0.217770
0.067801 20.845081 0.256283
0.068409 20.293372 0.208949
0.069017 20.268974 0.210934
0.069625 19.534529 0.167918
0.070233 19.503908 0.221586
0.070841 19.029385 0.186016
0.071449 18.709556 0.165840
0.072057 18.376282 0.188442
0.072665 17.876641 0.168107
0.073273 17.557662 0.167040
0.073881 17.220028 0.183838
0.074490 16.547379 0.175759
0.075098 16.691468 0.178689
0.075706 15.969672 0.180577
0.076314 15.609143 0.143788
0.076922 15.646060 0.159970
0.077530 15.108291 0.159785
0.078138 14.899411 0.167749
0.078746 14.475107 0.155685
0.079354 14.318806 0.154206
0.079962 13.672509 0.154972
0.080570 13.678024 0.145281
0.081178 13.493960 0.156387
0.081786 13.326599 0.159158
0.082394 13.056270 0.159009
0.083002 12.894965 0.155866
0.083611 12.627943 0.145082
0.084219 12.339069 0.139942
0.084827 11.965140 0.152795
0.085435 11.715407 0.145607
0.086043 11.463966 0.149134
0.086651 11.205067 0.141714
0.087259 11.019075 0.137862
0.087867 10.973501 0.142223
0.088475 10.629788 0.144871
0.089083 10.474189 0.141665
0.089691 10.240316 0.125446
0.090299 10.222388 0.136264
0.090907 9.755758 0.141389
0.091515 9.577890 0.134262
0.092123 9.520377 0.139290
0.092732 9.324441 0.136371
0.093340 9.290212 0.134784
0.093948 8.990875 0.139216
0.094556 8.509132 0.129547
0.095164 8.427068 0.134204
0.095772 8.330941 0.126633
0.096380 8.047556 0.125376
0.096988 8.144882 0.123306
0.097596 7.834091 0.120888
0.098204 7.748445 0.120817
0.098812 7.622659 0.123921
0.099420 7.322270 0.122620
0.100028 7.245483 0.126763
0.100636 7.316755 0.125567
0.101244 6.993173 0.113942
0.101852 6.920268 0.120008
0.102461 6.622806 0.119286
0.103069 6.497604 0.111625
0.103677 6.096288 0.116017
0.104285 6.246023 0.128776
0.104893 6.171698 0.106404
0.105501 6.035129 0.108005
0.106109 5.731598 0.113519
0.106717 5.616922 0.112163
0.107325 5.589461 0.112062
0.107933 5.376608 0.117438
0.108541 5.274070 0.115447
0.109149 5.209341 0.106977
0.109757 5.011284 0.110837
0.110365 4.731016 0.108595
0.110973 4.838247 0.107364
0.111581 4.644169 0.098131
0.112189 4.719785 0.119386
0.112798 4.438870 0.105299
0.113406 4.520063 0.109391
0.114014 4.120110 0.102091
0.114622 4.282873 0.104086
0.115230 4.056898 0.110313
0.115838 3.964783 0.115752
0.116446 3.692460 0.099589
0.117054 3.701074 0.105295
0.117662 3.624693 0.102898
0.118270 3.643430 0.097164
0.118878 3.538888 0.114368
0.119486 3.469370 0.113227
0.120094 3.247744 0.099107
0.120702 3.123765 0.095970
0.121310 3.280242 0.108317
0.121918 3.133090 0.103403
0.122526 3.130813 0.100259
0.123134 3.122794 0.098766
0.123742 2.881085 0.096091
0.124351 2.786228 0.093011
0.124959 2.647222 0.097738
0.125567 2.548662 0.092108
0.126175 2.508854 0.088255
0.126783 2.333672 0.093191
0.127391 2.336637 0.090489
0.127999 2.398871 0.091623
0.128607 2.440063 0.099281
0.129215 2.366489 0.106059
0.129823 2.453844 0.101809
0.130431 2.160214 0.102701
0.131039 2.248947 0.100248
0.131647 2.106264 0.094231
0.132255 2.011715 0.097785
0.132863 1.936749 0.090478
0.133471 1.810105 0.094583
0.134079 1.816717 0.104857
0.134687 1.790444 0.094005
0.135295 1.921731 0.091837
0.135903 1.840542 0.095391
0.136511 1.828861 0.090763
0.137119 1.932294 0.093191
0.137728 1.692957 0.096781
0.138336 1.551136 0.093212
0.138944 1.643654 0.099798
0.139552 1.436979 0.098700
0.140160 1.432611 0.095965
0.140768 1.426327 0.104161
0.141376 1.361684 0.092562
0.141984 1.348710 0.103657
0.142592 1.513656 0.093850
0.143200 1.403224 0.093106
0.143808 1.393688 0.088251
0.144416 1.395371 0.089689
0.145024 1.390907 0.089438
0.145632 1.231450 0.094830
0.146240 1.239091 0.094944
0.146848 1.193591 0.092748
0.147456 1.166426 0.097785
0.148064 1.161673 0.089275
0.148672 1.089253 0.090399
0.149280 0.991017 0.076609
0.149888 1.138417 0.086119
0.150496 1.065970 0.085410
0.151104 0.968170 0.080702
0.151712 0.961558 0.078736
0.152320 0.958858 0.083084
0.152928 0.950932 0.082860
0.153537 0.825670 0.082999
0.154145 0.826779 0.081469
0.154753 0.930325 0.088308
0.155361 0.818034 0.084496
0.155969 0.961579 0.091882
0.156577 0.802684 0.082725
0.157185 0.897011 0.084515
0.157793 0.739370 0.086478
0.158401 0.801818 0.081693
0.159009 0.654108 0.083220
0.159617 0.740608 0.078028
0.160225 0.758191 0.087745
0.160833 0.718634 0.078028
0.161441 0.831070 0.084846
0.162049 0.736623 0.084411
0.162657 0.803963 0.083150
0.163265 0.598529 0.082060
0.163873 0.803211 0.076437
0.164481 0.617540 0.081836
0.165089 0.641826 0.079833
0.165697 0.583410 0.080310
0.166305 0.569035 0.076411
0.166913 0.570891 0.077050
0.167521 0.595960 0.081686
0.168129 0.771613 0.080756
0.168737 0.610786 0.083089
0.169345 0.545561 0.084444
0.169953 0.592946 0.085198
0.170561 0.482441 0.082646
0.171169 0.595078 0.077273
0.171777 0.628002 0.083265
0.172385 0.509698 0.083293
0.172993 0.557232 0.078127
0.173601 0.611014 0.085227
0.174209 0.474261 0.083569
0.174817 0.602658 0.084012
0.175425 0.360263 0.083787
0.176033 0.505765 0.084561
0.176641 0.303482 0.078261
0.177250 0.417553 0.079823
0.177858 0.538937 0.074490
0.178466 0.384706 0.083535
0.179074 0.406229 0.081081
0.179682 0.451534 0.081807
0.180290 0.552463 0.080769
0.180898 0.503733 0.082857
0.181506 0.636436 0.082150
0.182114 0.335014 0.082084
0.182722 0.498908 0.082691
0.183330 0.435524 0.082030
0.183938 0.419139 0.081275
0.184546 0.349046 0.075485
0.185154 0.484314 0.083633
0.185762 0.305672 0.078860
0.186370 0.274694 0.081289
0.186978 0.140777 0.087318
0.187586 0.359699 0.076284
0.188194 0.290365 0.079697
0.188802 0.324080 0.082786
0.189410 0.310327 0.081606
0.190018 0.284517 0.079807
0.190626 0.456370 0.077086
0.191234 0.282547 0.076479
0.191842 0.411386 0.080242
0.192450 0.375460 0.082443
0.193058 0.297826 0.077835
0.193666 0.247545 0.079613
0.194274 0.159269 0.076510
0.194882 0.395900 0.079372
0.195490 0.232316 0.081620
0.196098 0.375348 0.074435
0.196706 0.254018 0.076525
0.197314 0.259000 0.076576
0.197922 0.263033 0.073564
0.198530 0.323196 0.075802
0.199138 0.345443 0.075431
0.199746 0.267470 0.076460
0.200354 0.374290 0.074004
0.200962 0.329634 0.073324
0.201570 0.291783 0.072250
0.202178 0.360226 0.075507
0.202786 0.366918 0.075301
0.203394 0.335734 0.073372
0.204002 0.359277 0.070849
0.204610 0.164050 0.076358
0.205218 0.244697 0.070940
0.205826 0.234606 0.075966
0.206434 0.225492 0.071827
0.207042 0.120251 0.076769
0.207650 0.044306 0.069168
0.208258 0.161895 0.072229
0.208866 0.087966 0.071685
0.209474 0.199690 0.070623
0.210082 0.177444 0.075647
0.210690 0.350066 0.071322
0.211298 0.223762 0.072781
0.211906 0.374967 0.069503
0.212514 0.259479 0.071366
0.213122 0.330142 0.070206
0.213730 0.145095 0.068722
0.214338 0.162818 0.072099
0.214946 0.223644 0.070511
0.215554 0.104296 0.070451
0.216162 0.201594 0.069305
0.216770 0.207354 0.069982
0.217378 0.122975 0.074328
0.217986 0.241994 0.071403
0.218594 0.234587 0.066896
0.219202 0.389815 0.071078
0.219810 0.195822 0.071450
0.220418 0.379309 0.068558
0.221025 0.294028 0.070029
0.221633 0.197398 0.069355
0.222241 0.302454 0.065892
0.222849 0.301659 0.068057
0.223457 0.256933 0.066436
0.224065 0.133305 0.070326
0.224673 0.202076 0.068249
0.225281 0.221981 0.072493
0.226497 0.247559 0.067398
0.227105 0.028233 0.070448
0.227713 0.215715 0.065620
0.228321 0.250466 0.074379
0.228929 0.211458 0.178331
0.229537 0.133235 0.094451
0.230145 0.245990 0.133997
0.230753 0.169510 0.136609
0.231361 0.276448 0.064934
0.231969 0.146069 0.084128
0.232577 0.208599 0.065214
0.233185 0.035805 0.069901
0.233793 0.154768 0.066752
0.234401 0.141604 0.070827
0.235009 0.172599 0.065784
0.236225 0.065300 0.090920
0.237441 0.121994 0.175641
0.238049 0.126877 0.067207
0.238657 0.001998 0.068817
0.239265 0.113474 0.063639
0.239873 0.127888 0.068197
0.240481 0.250256 0.066296
0.241089 0.035417 0.068027
0.241697 0.141926 0.070092
0.242304 0.093766 0.066255
0.242912 0.030287 0.065281
0.243520 0.197743 0.065958
0.244128 0.200335 0.062982
0.244736 0.084618 0.063784
0.245344 0.205398 0.067708
0.245952 0.178516 0.062738
0.246560 0.119104 0.067032
0.247168 0.267534 0.065529
0.247776 0.140877 0.075468
0.248384 0.257840 0.066664
0.248992 0.220027 0.068715
0.249600 0.114781 0.065342
0.250208 0.071270 0.070090
0.250816 0.163864 0.063417
0.252032 0.163849 0.065078
0.252640 0.166036 0.065250
0.253248 0.201019 0.069046
0.253856 0.206163 0.067809
0.254464 0.129761 0.062271
0.255072 0.130230 0.065459
0.255679 0.037805 0.073787
0.256287 0.149341 0.062898
0.256895 0.045170 0.066391
0.258111 0.028034 0.064592
0.258719 0.094253 0.064766
0.259327 0.095231 0.065753
0.259935 0.110591 0.065059
0.260543 0.155608 0.063346
0.261151 0.177215 0.060246
0.261759 0.187996 0.061641
0.262367 0.192533 0.060612
0.262975 0.092557 0.062534
0.263583 0.071301 0.064827
0.264191 0.076371 0.064200
0.264799 0.183833 0.063198
0.265407 0.199987 0.064433
0.266014 0.171329 0.064945
0.266622 0.214477 0.061616
0.267230 0.112569 0.059868
0.267838 0.050985 0.064190
0.268446 0.072999 0.064542
0.269054 0.183406 0.059665
0.269662 0.061237 0.062050
0.270270 0.071824 0.061363
0.270878 0.061154 0.063149
0.271486 0.119566 0.061261
0.272094 0.142844 0.060303
0.272702 0.177521 0.063114
0.273310 0.215564 0.059726
0.273918 0.213870 0.064268
0.274526 0.100541 0.061879
0.275133 0.034432 0.062910
0.275741 0.118267 0.061792
0.276349 0.047062 0.056076
0.276957 0.097977 0.060452
0.277565 0.094666 0.056041
0.278173 0.037436 0.060065
0.278781 0.015586 0.058157
0.280605 0.058811 0.064245
0.282429 0.061025 0.057076
0.284860 0.089353 0.058538
0.285468 0.056056 0.062794
0.286076 0.057097 0.062022
0.286684 0.050734 0.058994
0.287292 0.065334 0.057371
0.287900 0.036701 0.060242
0.289116 0.076212 0.056483
0.290331 0.040859 0.059353
0.290939 0.125996 0.056250
0.291547 0.051449 0.059439
0.292155 0.057312 0.058068
0.292763 0.041600 0.056202
0.293371 0.077974 0.056729
0.293979 0.068444 0.053024
0.294587 0.063168 0.057576
0.295195 0.066799 0.053840
0.295803 0.092919 0.056928
0.296410 0.094668 0.053696
0.297018 0.068856 0.057451
0.297626 0.095650 0.054083
0.298234 0.055599 0.055627
0.298842 0.121827 0.054173
0.299450 0.075800 0.056509
0.300058 0.086258 0.051557
0.300666 0.118591 0.054647
0.301274 0.041208 0.052206
0.301881 0.025206 0.053993
0.304313 0.084053 0.053595
0.304921 0.097693 0.055498
0.305529 0.084456 0.055461
0.306137 0.066146 0.051241
0.306745 0.084093 0.051842
0.307353 0.153000 0.055243
0.307960 0.074684 0.050675
0.309176 0.097782 0.054209
0.310392 0.021698 0.051508
0.311000 0.095530 0.054191
0.312216 0.056187 0.049279
0.314039 0.014208 0.050357
0.315255 0.004172 0.054840
0.316471 0.029969 0.063776
0.317079 0.108416 0.061717
0.317686 0.021883 0.060725
0.318294 0.170987 0.061964
0.318902 0.056692 0.072401
0.319510 0.161948 0.076643
0.320726 0.078869 0.096418
0.321334 0.012068 0.098941
0.321942 0.086196 0.135782
0.322549 0.206801 0.289351
