0.010641 43.417929 2.223323
0.011250 41.024506 2.249320
0.011858 44.157658 1.492926
0.012466 38.223890 1.335550
0.013074 40.735306 1.551641
0.013682 39.491013 1.264868
0.014290 37.340446 0.866838
0.014898 38.950535 1.215881
0.015506 38.801983 1.226121
0.016114 38.508839 1.625536
0.016722 37.932446 0.905301
0.017330 34.499378 1.061692
0.017938 34.543310 1.027808
0.018546 34.757509 0.838536
0.019155 32.904328 0.608262
0.019763 32.881156 0.791931
0.020371 31.739681 0.687143
0.020979 31.190334 0.693785
0.021587 30.364766 0.636895
0.022195 29.025256 0.656628
0.022803 27.915921 0.495377
0.023411 27.595887 0.676591
0.024019 27.735854 0.564447
0.024627 26.878858 0.493104
0.025235 26.342040 0.430582
0.025843 26.367284 0.442590
0.026452 24.076469 0.473818
0.027060 24.916535 0.461734
0.027668 22.688467 0.513766
0.028276 22.458760 0.475270
0.028884 21.754726 0.426535
0.029492 21.209100 0.355413
0.030100 20.914283 0.372063
0.030708 20.122441 0.383641
0.031316 19.824824 0.354846
0.031924 19.298523 0.330241
0.032532 18.741590 0.401238
0.033140 17.398895 0.351817
0.033748 18.232973 0.286937
0.034357 17.154774 0.321784
0.034965 17.052740 0.300199
0.035573 16.586997 0.290480
0.036181 16.009826 0.319820
0.036789 15.458226 0.241289
0.037397 15.011082 0.287101
0.038005 14.935044 0.292955
0.038613 14.365966 0.257643
0.039221 13.678785 0.288381
0.039829 13.423202 0.262884
0.040437 12.920533 0.252425
0.041045 12.797420 0.231457
0.041654 12.715310 0.293987
0.042262 12.053321 0.246225
0.042870 12.285872 0.255675
0.043478 12.089955 0.250186
0.044086 11.449414 0.234225
0.044694 11.475880 0.225745
0.045302 10.497190 0.216484
0.045910 10.343525 0.218983
0.046518 9.985762 0.214548
0.047126 10.149342 0.221075
0.047734 9.569104 0.217833
0.048342 9.652360 0.211250
0.048950 9.061480 0.193758
0.049559 9.005642 0.196272
0.050167 8.988655 0.185411
0.050775 8.550215 0.221537
0.051383 8.582336 0.186797
0.051991 8.655610 0.191338
0.052599 8.273769 0.171363
0.053207 7.938062 0.189452
0.053815 7.584703 0.190765
0.054423 7.265332 0.188124
0.055031 7.342010 0.189311
0.055639 7.220979 0.186058
0.056247 6.994395 0.163272
0.056855 6.943987 0.165050
0.057463 6.885893 0.168814
0.058072 6.528510 0.180093
0.058680 6.366218 0.181833
0.059288 6.375545 0.177976
0.059896 6.349017 0.184973
0.060504 6.278917 0.184492
0.061112 5.982767 0.177817
0.061720 5.711087 0.163295
0.062328 5.665538 0.184310
0.062936 5.762611 0.167337
0.063544 5.474542 0.177458
0.064152 5.583417 0.150700
0.064760 5.166981 0.162639
0.065368 5.419837 0.177868
0.065977 5.114739 0.171978
0.066585 5.208570 0.157405
0.067193 4.864738 0.141039
0.067801 5.077456 0.155409
0.068409 4.689999 0.146979
0.069017 4.642492 0.167828
0.069625 4.327360 0.147623
0.070233 4.281536 0.175759
0.070841 4.273629 0.156578
0.071449 4.195876 0.146029
0.072057 4.051430 0.153945
0.072665 4.221166 0.129892
0.073273 3.938068 0.135328
0.073881 4.069233 0.130414
0.074490 3.627794 0.124389
0.075098 3.823963 0.131772
0.075706 3.700509 0.137888
0.076314 3.633223 0.140759
0.076922 3.460334 0.128496
0.077530 3.425931 0.130990
0.078138 3.462816 0.129805
0.078746 3.238128 0.128810
0.079354 3.283696 0.135487
0.079962 3.174858 0.121067
0.080570 3.238473 0.122883
0.081178 2.934609 0.133628
0.081786 2.988347 0.123633
0.082394 3.001167 0.129052
0.083002 3.064506 0.117424
0.083611 2.791609 0.135303
0.084219 2.704738 0.126139
0.084827 2.584164 0.134648
0.085435 2.601256 0.117010
0.086043 2.541409 0.110902
0.086651 2.902179 0.121012
0.087259 2.702614 0.122309
0.087867 2.718529 0.126323
0.088475 2.672218 0.135681
0.089083 2.345340 0.131241
0.089691 2.253876 0.131621
0.090299 2.271024 0.112818
0.090907 2.366372 0.124198
0.091515 2.380063 0.124543
0.092123 2.446453 0.123032
0.092732 2.282915 0.135761
0.093340 2.308056 0.121378
0.093948 2.123368 0.125904
0.094556 2.003968 0.105659
0.095164 1.881318 0.115954
0.095772 1.838350 0.115578
0.096380 2.005525 0.125805
0.096988 1.990163 0.116917
0.097596 2.069404 0.128168
0.098204 2.025827 0.115834
0.098812 2.187181 0.116902
0.099420 1.877372 0.109496
0.100028 1.983892 0.116606
0.100636 1.642345 0.117847
0.101244 1.758062 0.119270
0.101852 1.782098 0.111531
0.102461 1.443328 0.117722
0.103069 1.596883 0.108302
0.103677 1.625879 0.109749
0.104285 1.612833 0.106437
0.104893 1.612044 0.110947
0.105501 1.692518 0.112513
0.106109 1.660908 0.113296
0.106717 1.782978 0.109018
0.107325 1.509355 0.110718
0.107933 1.408300 0.101544
0.108541 1.327161 0.114020
0.109149 1.446485 0.107384
0.109757 1.252752 0.112656
0.110365 1.518920 0.106555
0.110973 1.230840 0.105443
0.111581 1.295154 0.099969
0.112189 1.269110 0.119619
0.112798 1.280211 0.104606
0.113406 1.288859 0.106068
0.114014 1.292414 0.103343
0.114622 1.305730 0.097845
0.115230 1.091097 0.098638
0.115838 1.065261 0.100090
0.116446 1.118750 0.096836
0.117054 0.974786 0.098291
0.117662 0.983634 0.094787
0.118270 0.886047 0.106391
0.118878 0.884131 0.106631
0.119486 0.955030 0.103073
0.120094 1.005899 0.107467
0.120702 0.953563 0.101628
0.121310 1.096770 0.100533
0.121918 1.043561 0.104974
0.122526 1.077154 0.106278
0.123134 1.079938 0.092891
0.123742 0.959933 0.098181
0.124351 0.922094 0.099037
0.124959 1.029362 0.098450
0.125567 0.926394 0.100219
0.126175 0.922986 0.115029
0.126783 0.793868 0.093845
0.127391 0.801142 0.103822
0.127999 0.814177 0.101815
0.128607 0.806660 0.095227
0.129215 0.658538 0.099862
0.129823 0.643200 0.089452
0.130431 0.447242 0.102312
0.131039 0.721612 0.098910
0.131647 0.532450 0.104040
0.132255 0.652657 0.087866
0.132863 0.602077 0.097252
0.133471 0.500698 0.099131
0.134079 0.636658 0.094681
0.134687 0.452280 0.096931
0.135295 0.619605 0.101145
0.135903 0.435054 0.094330
0.136511 0.549545 0.199628
0.137119 0.346821 0.123219
0.137728 0.389317 0.094116
0.138336 0.493984 0.093867
0.138944 0.440731 0.098819
0.139552 0.626612 0.098612
0.140160 0.547283 0.089836
0.140768 0.517197 0.097983
0.141376 0.463564 0.093488
0.141984 0.557994 0.099793
0.142592 0.535589 0.090054
0.143200 0.543330 0.098742
0.143808 0.377999 0.095945
0.144416 0.426937 0.093651
0.145024 0.543165 0.087489
0.145632 0.429663 0.093181
0.146240 0.532788 0.088399
0.146848 0.417527 0.096550
0.147456 0.391724 0.095486
0.148064 0.343434 0.087761
0.148672 0.415401 0.093746
0.149280 0.530127 0.094437
0.149888 0.389125 0.090927
0.150496 0.543317 0.093519
0.151104 0.407164 0.093703
0.151712 0.666207 0.082153
0.152320 0.515234 0.084790
0.152928 0.594456 0.086067
0.153537 0.515781 0.083749
0.154145 0.459531 0.088299
0.154753 0.387707 0.090813
0.155361 0.286730 0.082926
0.155969 0.510810 0.085491
0.156577 0.241040 0.086198
0.157185 0.403761 0.089191
0.157793 0.616332 0.088244
0.158401 0.505726 0.082160
0.159009 0.486271 0.085576
0.159617 0.405695 0.080910
0.160225 0.360007 0.085351
0.160833 0.369255 0.079387
0.161441 0.396235 0.081882
0.162049 0.352507 0.085171
0.162657 0.526164 0.084186
0.163265 0.346803 0.087112
0.163873 0.479066 0.081808
0.164481 0.284395 0.085153
0.165089 0.318617 0.083110
0.165697 0.386480 0.083711
0.166305 0.431650 0.081002
0.166913 0.526409 0.083490
0.167521 0.435687 0.078643
0.168129 0.492019 0.077964
0.168737 0.401378 0.073505
0.169345 0.256202 0.079293
0.169953 0.449425 0.076535
0.170561 0.406815 0.074406
0.171169 0.405445 0.075885
0.171777 0.321448 0.074617
0.172385 0.313932 0.081708
0.172993 0.302564 0.082575
0.173601 0.187380 0.085890
0.174209 0.146858 0.080505
0.174817 0.262823 0.083446
0.175425 0.246736 0.083004
0.176033 0.191830 0.083367
0.176641 0.218396 0.080500
0.177250 0.125627 0.088856
0.177858 0.286164 0.084721
0.178466 0.263634 0.088119
0.179074 0.333161 0.083645
0.179682 0.338774 0.079949
0.180290 0.268713 0.080429
0.180898 0.429723 0.081600
0.181506 0.352146 0.084403
0.182114 0.282782 0.080043
0.182722 0.372299 0.085224
0.183330 0.261855 0.082102
0.183938 0.349603 0.079273
0.184546 0.264621 0.077816
0.185154 0.321342 0.078738
0.185762 0.133321 0.079306
0.186370 0.200579 0.082442
0.186978 0.235278 0.077852
0.187586 0.214932 0.076283
0.188194 0.233640 0.074444
0.188802 0.286455 0.077729
0.189410 0.233632 0.077523
0.190018 0.241303 0.078735
0.190626 0.363653 0.077010
0.191234 0.183794 0.078868
0.191842 0.284707 0.080359
0.192450 0.140454 0.075163
0.193058 0.168751 0.082456
0.193666 0.201230 0.076525
0.194274 0.294799 0.078292
0.194882 0.070366 0.079253
0.195490 0.293715 0.076804
0.196098 0.193532 0.077668
0.196706 0.198742 0.083930
0.197314 0.285830 0.075115
0.197922 0.370683 0.077621
0.198530 0.301087 0.072997
0.199138 0.343536 0.076228
0.199746 0.245935 0.079224
0.200354 0.084762 0.075124
0.200962 0.125641 0.076330
0.201570 0.212978 0.077072
0.202178 0.166987 0.076514
0.202786 0.265104 0.077327
0.203394 0.192651 0.070409
0.204002 0.182801 0.071378
0.204610 0.130439 0.070854
0.205218 0.305377 0.076794
0.205826 0.251178 0.076669
0.206434 0.240288 0.070605
0.207042 0.218468 0.074690
0.207650 0.202987 0.074112
0.208258 0.200567 0.074967
0.208866 0.093385 0.071084
0.209474 0.236487 0.070184
0.210082 0.213431 0.075367
0.210690 0.097722 0.074700
0.211298 0.284069 0.070276
0.211906 0.285146 0.076467
0.212514 0.218068 0.075494
0.213122 0.137956 0.074184
0.213730 0.160458 0.073954
0.214338 0.107497 0.069957
0.214946 0.175459 0.073578
0.215554 0.228791 0.073009
0.216162 0.283684 0.072702
0.216770 0.240132 0.069852
0.217378 0.312364 0.071396
0.217986 0.307149 0.070531
0.218594 0.287304 0.068839
0.219202 0.592078 0.070244
0.219810 0.444653 0.068592
0.220418 0.454063 0.070180
0.221025 0.298355 0.069295
0.221633 0.290580 0.068832
0.222241 0.164592 0.070244
0.222849 0.264386 0.071890
0.223457 0.213437 0.069512
0.224065 0.099713 0.070693
0.224673 0.202592 0.069647
0.225281 0.069331 0.072319
0.225889 0.188871 0.072001
0.226497 0.086117 0.064728
0.227105 0.196126 0.067759
0.227713 0.220928 0.071234
0.228321 0.437159 0.073416
0.228929 0.299679 0.069158
0.229537 0.242880 0.069984
0.230145 0.246638 0.066210
0.230753 0.079291 0.069038
0.231361 0.193742 0.067056
0.231969 0.141913 0.068920
0.232577 0.135478 0.063805
0.233185 0.198752 0.067182
0.233793 0.211001 0.074273
0.234401 0.326467 0.068653
0.235009 0.236807 0.067043
0.235617 0.287308 0.067908
0.236225 0.304670 0.066378
0.236833 0.321798 0.063043
0.237441 0.190873 0.070364
0.238049 0.304588 0.062236
0.238657 0.108030 0.067226
0.239265 0.195943 0.066226
0.239873 0.205406 0.066993
0.240481 0.048407 0.063857
0.241089 0.205447 0.067623
0.241697 0.140053 0.064608
0.242304 0.101961 0.066200
0.242912 0.260723 0.065670
0.243520 0.190194 0.072352
0.244128 0.178384 0.068732
0.244736 0.192377 0.065230
0.245344 0.216429 0.066689
0.245952 0.222947 0.065669
0.246560 0.121893 0.068383
0.247168 0.259288 0.061813
0.247776 0.233308 0.069565
0.248384 0.222620 0.070959
0.248992 0.297478 0.066987
0.249600 0.232455 0.062235
0.250208 0.245140 0.062136
0.250816 0.305741 0.066857
0.251424 0.299112 0.066767
0.252032 0.235161 0.062925
0.252640 0.292371 0.064962
0.253248 0.198430 0.060143
0.253856 0.231295 0.066038
0.254464 0.223432 0.064846
0.255072 0.244010 0.066543
0.255679 0.284216 0.064487
0.256287 0.216203 0.064146
0.256895 0.285806 0.060533
0.257503 0.215221 0.062970
0.258111 0.212721 0.064707
0.258719 0.131585 0.062456
0.259327 0.157869 0.069182
0.259935 0.088690 0.062419
0.260543 0.253687 0.069745
0.261151 0.211288 0.059816
0.261759 0.192700 0.065620
0.262367 0.286406 0.062419
0.262975 0.281142 0.061036
0.263583 0.272644 0.058640
0.264191 0.237030 0.067112
0.264799 0.189562 0.062227
0.265407 0.120027 0.064577
0.266014 0.214609 0.065659
0.266622 0.360552 0.065394
0.267230 0.159133 0.065819
0.267838 0.377232 0.068241
0.268446 0.354257 0.066511
0.269054 0.320118 0.089929
0.269662 0.336172 0.069645
0.270270 0.273480 0.073485
0.270878 0.261952 0.063465
0.271486 0.407383 0.062901
0.272094 0.351627 0.065258
0.272702 0.418392 0.060317
0.273310 0.259926 0.064068
0.273918 0.205521 0.062775
0.274526 0.189666 0.062935
0.275133 0.160264 0.061545
0.275741 0.211384 0.058857
0.276349 0.172999 0.061846
0.276957 0.276986 0.058451
0.277565 0.252249 0.062965
0.278173 0.213565 0.057669
0.278781 0.161460 0.061321
0.279389 0.106388 0.060848
0.279997 0.126780 0.060573
0.280605 0.142222 0.058668
0.281213 0.184068 0.059233
0.281821 0.140008 0.060969
0.282429 0.137435 0.059832
0.283036 0.208582 0.058962
0.283644 0.210100 0.057086
0.284252 0.185044 0.058452
0.284860 0.193252 0.057488
0.285468 0.250174 0.057877
0.286076 0.162603 0.056112
0.286684 0.300736 0.059287
0.287292 0.215332 0.058299
0.287900 0.300667 0.059325
0.288508 0.250586 0.056952
0.289116 0.268352 0.059578
0.289723 0.228754 0.054706
0.290331 0.162595 0.055767
0.290939 0.274238 0.057746
0.291547 0.183758 0.057985
0.292155 0.246251 0.055721
0.292763 0.213486 0.055185
0.293371 0.181508 0.057760
0.293979 0.194340 0.059313
0.294587 0.157191 0.057060
0.295195 0.206762 0.053933
0.295803 0.222427 0.080524
0.296410 0.214017 0.053333
0.297018 0.252191 0.102357
0.297626 0.166321 0.053669
0.298234 0.228635 0.057629
0.298842 0.255729 0.054942
0.299450 0.379773 0.060224
0.300058 0.367648 0.053276
0.300666 0.368407 0.055993
0.301274 0.221147 0.053763
0.301881 0.343557 0.052501
0.302489 0.155841 0.052571
0.303097 0.392184 0.051460
0.303705 0.208782 0.054947
0.304313 0.221589 0.054936
0.304921 0.297578 0.054259
0.305529 0.289873 0.052642
0.306137 0.233136 0.053358
0.306745 0.202262 0.053305
0.307353 0.243757 0.053846
0.307960 0.309146 0.052788
0.308568 0.201245 0.056201
0.309176 0.227332 0.054539
0.309784 0.183975 0.054745
0.310392 0.138817 0.052582
0.311000 0.121065 0.053472
0.311608 0.238496 0.052923
0.312216 0.150110 0.052682
0.312823 0.277169 0.052145
0.313431 0.193022 0.053384
0.314039 0.183358 0.052693
0.314647 0.202206 0.051541
0.315255 0.180272 0.054805
0.315863 0.248975 0.053675
0.316471 0.252620 0.058286
0.317079 0.200508 0.060242
0.317686 0.280351 0.069605
0.318294 0.193201 0.068792
0.318902 0.075544 0.074697
0.319510 0.265372 0.070880
0.320118 0.063498 0.083426
0.320726 0.097716 0.085868
0.321334 0.035639 0.109059
