0.010641 647.301525 7.694547
0.011250 638.177505 16.828793
0.011858 669.681518 19.277631
0.012466 638.970787 10.104483
0.013074 623.337352 9.070294
0.013682 600.304480 10.244439
0.014290 593.982912 15.930002
0.014898 582.626721 11.007358
0.015506 567.338297 11.582371
0.016114 546.698501 13.304795
0.016722 542.282178 9.523074
0.017330 500.100204 11.575983
0.017938 506.955265 9.298569
0.018546 488.261883 8.552843
0.019155 465.606732 8.511912
0.019763 459.209575 9.095636
0.020371 435.318091 6.177633
0.020979 428.054127 9.123606
0.021587 414.458409 6.970902
0.022195 401.251325 7.367306
0.022803 387.623731 7.156611
0.023411 381.471473 6.893612
0.024019 360.014906 5.791302
0.024627 356.307248 6.403757
0.025235 342.643965 6.214885
0.025843 333.179060 4.953288
0.026452 321.403990 5.779800
0.027060 316.928761 4.684033
0.027668 296.891246 4.644765
0.028276 293.390441 4.941787
0.028884 282.290779 4.688770
0.029492 273.800717 3.969736
0.030100 265.489516 4.580677
0.030708 259.338810 3.498057
0.031316 247.728055 3.740875
0.031924 241.091030 3.483027
0.032532 237.296152 3.332466
0.033140 222.388475 2.849311
0.033748 221.126493 3.150559
0.034357 212.606984 2.721823
0.034965 207.153403 2.542881
0.035573 200.544492 2.671687
0.036181 195.792257 2.554129
0.036789 186.717535 2.670887
0.037397 183.397806 2.490137
0.038005 178.707670 2.372834
0.038613 171.760856 2.104042
0.039221 168.079851 2.137344
0.039829 162.227721 1.858271
0.040437 157.770541 1.963200
0.041045 153.770000 1.782396
0.041654 153.621371 1.832257
0.042262 145.919812 1.604647
0.042870 144.752183 1.784207
0.043478 138.598066 1.586598
0.044086 134.674060 1.582694
0.044694 132.032806 1.574896
0.045302 130.072718 1.450948
0.045910 123.988634 1.375754
0.046518 122.207217 1.314512
0.047126 118.972470 1.244647
0.047734 115.191411 1.194059
0.048342 112.952228 1.195123
0.048950 109.310366 1.046529
0.049559 106.741272 1.162280
0.050167 103.817809 1.157070
0.050775 103.610020 1.048598
0.051383 98.047121 0.974319
0.051991 98.022158 0.969756
0.052599 93.304780 0.821680
0.053207 92.510773 0.920986
0.053815 89.352799 0.814725
0.054423 87.594235 0.836562
0.055031 86.556956 0.825141
0.055639 84.252609 0.780392
0.056247 81.266997 0.861451
0.056855 80.374412 0.735322
0.057463 78.438267 0.800974
0.058072 76.030712 0.695295
0.058680 75.081545 0.700481
0.059288 72.441938 0.647409
0.059896 72.324098 0.678412
0.060504 69.261948 0.576151
0.061112 69.543041 0.626421
0.061720 65.326882 0.571302
0.062328 66.268714 0.640671
0.062936 63.160955 0.561763
0.063544 62.728108 0.595997
0.064152 60.246511 0.633191
0.064760 60.597643 0.546907
0.065368 58.579620 0.578115
0.065977 57.646518 0.502144
0.066585 56.929613 0.560349
0.067193 55.141914 0.507921
0.067801 54.177881 0.515485
0.068409 53.392178 0.494193
0.069017 53.057802 0.456543
0.069625 51.089033 0.486512
0.070233 50.811535 0.517257
0.070841 48.895681 0.508381
0.071449 48.346985 0.450232
0.072057 46.900987 0.498588
0.072665 45.815130 0.446241
0.073273 44.635289 0.449248
0.073881 44.223905 0.426863
0.074490 42.948923 0.446623
0.075098 42.206641 0.423472
0.075706 40.828468 0.450186
0.076314 40.441910 0.345887
0.076922 39.780736 0.337078
0.077530 39.141928 0.359619
0.078138 38.907804 0.380678
0.078746 37.330026 0.387329
0.079354 37.904322 0.380751
0.079962 36.274933 0.341245
0.080570 36.008149 0.347485
0.081178 34.945743 0.344595
0.081786 34.578679 0.352021
0.082394 33.297746 0.362107
0.083002 32.874224 0.356518
0.083611 31.830545 0.390218
0.084219 31.408220 0.315003
0.084827 31.135277 0.327713
0.085435 30.544710 0.309587
0.086043 30.213323 0.351473
0.086651 29.914496 0.332614
0.087259 29.471126 0.363110
0.087867 28.393403 0.289504
0.088475 27.679606 0.341286
0.089083 26.452164 0.300892
0.089691 26.896147 0.289007
0.090299 25.431693 0.311332
0.090907 25.910404 0.277563
0.091515 24.759197 0.268110
0.092123 24.481326 0.277279
0.092732 23.719985 0.318009
0.093340 23.400499 0.299732
0.093948 22.973370 0.321196
0.094556 22.407991 0.317442
0.095164 22.258375 0.305754
0.095772 21.323888 0.283490
0.096380 21.769060 0.295374
0.096988 20.930639 0.275175
0.097596 20.443486 0.288494
0.098204 20.010289 0.257809
0.098812 20.234332 0.263176
0.099420 19.252096 0.249941
0.100028 19.198773 0.239844
0.100636 18.474521 0.272841
0.101244 17.930372 0.237043
0.101852 17.681642 0.264140
0.102461 17.109672 0.263447
0.103069 16.999259 0.271650
0.103677 16.650046 0.248395
0.104285 16.678346 0.265114
0.104893 16.223769 0.238956
0.105501 16.209598 0.264843
0.106109 15.383386 0.234636
0.106717 15.002901 0.253029
0.107325 14.825515 0.245327
0.107933 14.231313 0.254120
0.108541 14.581347 0.223486
0.109149 13.825505 0.245894
0.109757 13.541411 0.249581
0.110365 13.243601 0.242341
0.110973 13.058510 0.233196
0.111581 13.097354 0.245539
0.112189 12.814640 0.240090
0.112798 12.308023 0.217490
0.113406 11.946832 0.246316
0.114014 11.474423 0.242066
0.114622 11.650220 0.232403
0.115230 10.478128 0.208770
0.115838 11.082666 0.249200
0.116446 10.604592 0.215945
0.117054 10.450773 0.240107
0.117662 10.302002 0.212310
0.118270 9.887579 0.210277
0.118878 9.769314 0.229234
0.119486 9.492441 0.202391
0.120094 9.358575 0.227347
0.120702 8.962931 0.193229
0.121310 9.353219 0.217581
0.121918 8.621244 0.199270
0.122526 9.031247 0.199386
0.123134 8.306732 0.219971
0.123742 8.573586 0.212758
0.124351 7.859381 0.218952
0.124959 7.396240 0.207276
0.125567 7.773191 0.205609
0.126175 7.530181 0.212837
0.126783 6.986144 0.256037
0.127391 7.010654 0.339202
0.127999 6.787696 0.221355
0.128607 6.446528 0.211069
0.129215 6.184529 0.208793
0.129823 6.197297 0.198448
0.130431 6.359349 0.201392
0.131039 5.964401 0.189264
0.131647 5.998985 0.200185
0.132255 5.468617 0.194918
0.132863 5.664980 0.204668
0.133471 5.349390 0.202317
0.134079 5.178441 0.220345
0.134687 5.146423 0.217470
0.135295 5.126805 0.200949
0.135903 5.007908 0.207156
0.136511 5.020861 0.225526
0.137119 4.619187 0.204201
0.137728 4.718722 0.193768
0.138336 4.767044 0.195877
0.138944 4.458973 0.184774
0.139552 4.744557 0.206186
0.140160 4.408430 0.195667
0.140768 4.218686 0.198729
0.141376 4.011797 0.189216
0.141984 4.034972 0.204650
0.142592 3.745512 0.196383
0.143200 3.510407 0.195243
0.143808 3.476000 0.194924
0.144416 3.443939 0.218738
0.145024 3.458644 0.199124
0.145632 3.397079 0.197104
0.146240 3.534138 0.187111
0.146848 3.459235 0.177939
0.147456 3.301778 0.187352
0.148064 3.600305 0.184725
0.148672 3.321385 0.186349
0.149280 3.215655 0.178728
0.149888 3.352119 0.195372
0.150496 3.018210 0.192187
0.151104 3.013332 0.205248
0.151712 2.939304 0.176017
0.152320 2.839626 0.195487
0.152928 2.636865 0.180787
0.153537 2.902031 0.171713
0.154145 2.760453 0.175527
0.154753 2.562677 0.167730
0.155361 2.384948 0.173821
0.155969 2.468587 0.174367
0.156577 2.389842 0.170320
0.157185 2.300775 0.189995
0.157793 2.358613 0.178312
0.158401 2.185275 0.193615
0.159009 2.250564 0.178978
0.159617 2.192792 0.167427
0.160225 2.414298 0.167828
0.160833 2.094496 0.163107
0.161441 2.181162 0.186834
0.162049 2.063255 0.175732
0.162657 2.283507 0.187554
0.163265 2.077637 0.172801
0.163873 2.110334 0.168305
0.164481 2.047174 0.177819
0.165089 2.113732 0.171408
0.165697 2.336384 0.176063
0.166305 1.923776 0.173229
0.166913 2.127883 0.175543
0.167521 1.919115 0.237990
0.168129 2.006877 0.166190
0.168737 2.128157 0.161819
0.169345 2.011076 0.164454
0.169953 1.812096 0.155937
0.170561 1.546753 0.148554
0.171169 1.604941 0.169915
0.171777 1.455286 0.159179
0.172385 1.708652 0.172367
0.172993 1.792439 0.172400
0.173601 1.476132 0.169350
0.174209 1.671880 0.166146
0.174817 1.466965 0.176320
0.175425 1.815425 0.280197
0.176033 1.952744 0.199511
0.176641 1.939347 0.164564
0.177250 1.990117 0.173007
0.177858 1.659829 0.171937
0.178466 1.219226 0.165630
0.179074 1.178405 0.166804
0.179682 1.215934 0.168359
0.180290 1.370613 0.156447
0.180898 1.374445 0.168694
0.181506 1.580664 0.172277
0.182114 1.438648 0.161720
0.182722 1.614785 0.169660
0.183330 1.309204 0.178831
0.183938 1.520035 0.174069
0.184546 1.014253 0.167594
0.185154 0.851352 0.169508
0.185762 1.286549 0.166164
0.186370 1.066316 0.174352
0.186978 1.216406 0.165707
0.187586 1.197505 0.168807
0.188194 1.186844 0.157890
0.188802 1.128462 0.163491
0.189410 1.194275 0.157287
0.190018 1.265773 0.149815
0.190626 1.176938 0.160488
0.191234 1.346140 0.143782
0.191842 1.255148 0.156658
0.192450 1.461323 0.144178
0.193058 1.112733 0.152584
0.193666 0.970479 0.184582
0.194274 1.118110 0.197958
0.194882 1.000366 0.144341
0.195490 1.347027 0.157773
0.196098 1.631275 0.154134
0.196706 1.175371 0.170709
0.197314 1.525688 0.147307
0.197922 1.145813 0.160697
0.198530 1.064426 0.155227
0.199138 0.938696 0.154968
0.199746 1.118727 0.154299
0.200354 1.025825 0.163391
0.200962 0.964263 0.161946
0.201570 1.290846 0.152414
0.202178 0.803241 0.159801
0.202786 0.867828 0.150747
0.203394 0.950445 0.161034
0.204002 1.176810 0.148714
0.204610 0.960946 0.157718
0.205218 0.866830 0.156008
0.205826 0.787548 0.165706
0.206434 0.634672 0.142336
0.207042 0.968936 0.154212
0.207650 0.741652 0.150682
0.208258 0.585708 0.149038
0.208866 0.804954 0.148447
0.209474 0.873199 0.145793
0.210082 0.804524 0.148724
0.210690 0.948190 0.156142
0.211298 0.642188 0.144874
0.211906 1.122598 0.149642
0.212514 0.985314 0.146269
0.213122 1.289305 0.149092
0.213730 1.196071 0.154930
0.214338 0.980284 0.151882
0.214946 0.829373 0.142359
0.215554 0.917491 0.136994
0.216162 0.961114 0.147415
0.216770 0.793411 0.147833
0.217378 0.984657 0.149413
0.217986 1.034579 0.148909
0.218594 0.890719 0.134920
0.219202 0.848646 0.151482
0.219810 0.882812 0.141111
0.220418 1.275137 0.145166
0.221025 0.985658 0.146895
0.221633 1.042365 0.145357
0.222241 1.082164 0.143372
0.222849 1.045210 0.144391
0.223457 0.979533 0.138048
0.224065 1.054919 0.131798
0.224673 0.674632 0.133803
0.225281 0.976497 0.149666
0.225889 0.849873 0.146146
0.226497 0.789733 0.136304
0.227105 0.859798 0.134836
0.227713 0.677634 0.139308
0.228321 0.817998 0.142740
0.228929 0.462446 0.143747
0.229537 1.015592 0.145768
0.230145 0.624988 0.141012
0.230753 0.768499 0.141292
0.231361 0.676510 0.227113
0.231969 0.941577 0.317132
0.232577 0.821352 0.396927
0.233185 0.846031 0.684829
0.233793 0.783984 0.586100
0.234401 0.769774 0.148900
0.235009 0.667160 0.133377
0.235617 0.876422 0.135158
0.236225 0.603438 0.133003
0.236833 0.690426 0.137300
0.237441 0.787341 0.187816
0.238049 0.544515 0.253408
0.238657 0.403973 0.384223
0.239265 0.608308 0.396727
0.239873 0.508153 0.436713
0.240481 0.998748 0.231508
0.241089 0.603172 0.141485
0.241697 0.544483 0.127333
0.242304 0.570561 0.139838
0.242912 0.433383 0.129797
0.243520 0.560726 0.137162
0.244128 0.476873 0.130713
0.244736 0.647512 0.129655
0.245344 0.774135 0.135403
0.245952 0.877017 0.133233
0.246560 0.682279 0.128712
0.247168 0.461248 0.124680
0.247776 0.525552 0.140701
0.248384 0.366699 0.135799
0.248992 0.740419 0.142360
0.249600 0.526709 0.130339
0.250208 0.546335 0.129242
0.250816 0.488073 0.129589
0.251424 0.310392 0.138910
0.252032 0.610517 0.121877
0.252640 0.712046 0.128266
0.253248 0.750820 0.128445
0.253856 0.537784 0.133851
0.254464 0.643081 0.129184
0.255072 0.375431 0.134512
0.255679 0.410727 0.131649
0.256287 0.541611 0.129687
0.256895 0.790823 0.126347
0.257503 0.602305 0.126591
0.258111 0.316631 0.131898
0.258719 0.601979 0.127063
0.259327 0.298497 0.125473
0.259935 0.329513 0.126766
0.260543 0.066401 0.131871
0.261151 0.163762 0.123947
0.261759 0.443123 0.131146
0.262367 0.552650 0.128204
0.262975 0.373877 0.131012
0.263583 0.421648 0.121910
0.264191 0.504520 0.136424
0.264799 0.291275 0.131807
0.265407 0.396260 0.124895
0.266014 0.496962 0.221513
0.266622 0.736359 0.129955
0.267230 0.422841 0.167768
0.267838 0.615062 0.129768
0.268446 0.467777 0.120664
0.269054 0.519281 0.124739
0.269662 0.555049 0.126517
0.270270 0.409296 0.128203
0.270878 0.602760 0.120809
0.271486 0.622279 0.113187
0.272094 0.507016 0.122326
0.272702 0.404945 0.119502
0.273310 0.383582 0.126478
0.273918 0.340770 0.130514
0.274526 0.586104 0.122436
0.275133 0.557688 0.132517
0.275741 0.534560 0.127137
0.276349 0.402599 0.132981
0.276957 0.527076 0.130637
0.277565 0.516576 0.133499
0.278173 0.289689 0.126223
0.278781 0.337242 0.118842
0.279389 0.522255 0.118383
0.279997 0.386108 0.122756
0.280605 0.602160 0.119340
0.281213 0.367647 0.119335
0.281821 0.327217 0.120906
0.282429 0.391180 0.120147
0.283036 0.516226 0.123859
0.283644 0.481740 0.119265
0.284252 0.564228 0.123125
0.284860 0.463510 0.116936
0.285468 0.579781 0.119446
0.286076 0.592604 0.122076
0.286684 0.329461 0.111896
0.287292 0.311069 0.114345
0.287900 0.421341 0.112003
0.288508 0.476953 0.115506
0.289116 0.472194 0.117134
0.289723 0.369598 0.109077
0.290331 0.117203 0.116556
0.290939 0.033427 0.111511
0.292155 0.323836 0.111405
0.292763 0.160673 0.117771
0.293371 0.307709 0.117683
0.293979 0.332073 0.202105
0.294587 0.255543 0.117706
0.295195 0.227721 0.111305
0.295803 0.004390 0.119354
0.296410 0.141863 0.114121
0.297018 0.316080 0.116705
0.297626 0.233187 0.112363
0.298234 0.387451 0.108766
0.298842 0.498010 0.107944
0.299450 0.365795 0.114832
0.300058 0.274449 0.107911
0.300666 0.270834 0.115332
0.301274 0.280830 0.112439
0.301881 0.504068 0.108815
0.302489 0.552295 0.112327
0.303097 0.388427 0.107744
0.303705 0.361022 0.112756
0.304313 0.340820 0.108558
0.304921 0.460600 0.105161
0.305529 0.329304 0.103725
0.306137 0.407243 0.105950
0.306745 0.268621 0.103293
0.307353 0.232740 0.108398
0.307960 0.347714 0.103513
0.308568 0.260838 0.110638
0.309176 0.420998 0.109336
0.309784 0.192352 0.110800
0.310392 0.233675 0.105307
0.311000 0.378968 0.107725
0.311608 0.186681 0.105577
0.312216 0.388867 0.096296
0.312823 0.226001 0.100346
0.313431 0.423869 0.104320
0.314039 0.070855 0.109875
0.314647 0.292154 0.160448
0.315255 0.276266 0.159098
0.315863 0.380897 0.144354
0.316471 0.173283 0.921865
0.317079 0.075722 0.747985
0.317686 0.229235 0.277001
0.318294 0.211861 0.264607
0.318902 0.380210 0.215602
0.319510 0.502306 0.150580
0.320118 0.226173 0.170902
0.320726 0.444926 0.173081
0.321334 0.034390 0.212812
0.321942 0.529750 0.267619
