# SAXS profile: number of points = 278, q_min = 0.0147309, q_max = 0.24952, delta_q = 0.000847614079422383
# offset = 0.00000000000000, scaling c = 6.74701845186369e-07, Chi = 1.25030799743877
#  q       exp_intensity   model_intensity
0.01473    26.35700000     26.07254762    
0.01558    26.07240000     25.92492996    
0.01643    25.77560000     25.77024775    
0.01727    26.18130000     25.60863206    
0.01812    25.47200000     25.44020740    
0.01897    24.78940000     25.26481286    
0.01982    25.46980000     25.08183080    
0.02066    25.45620000     24.89257431    
0.02151    24.68480000     24.69717895    
0.02236    24.75440000     24.49580858    
0.02321    24.64020000     24.28863266    
0.02405    24.52760000     24.07580725    
0.02490    24.29740000     23.85675381    
0.02575    23.92020000     23.63208654    
0.02660    23.18260000     23.40239442    
0.02745    23.22810000     23.16784631    
0.02829    23.40180000     22.92862675    
0.02914    22.77110000     22.68492831    
0.02999    22.46590000     22.43684840    
0.03084    22.20780000     22.18386259    
0.03168    21.72020000     21.92707560    
0.03253    21.80460000     21.66666297    
0.03338    21.85650000     21.40280325    
0.03423    21.89560000     21.13568047    
0.03507    21.40290000     20.86549847    
0.03592    21.17200000     20.59213553    
0.03677    20.48250000     20.31587038    
0.03762    20.05750000     20.03724284    
0.03846    19.89390000     19.75641902    
0.03931    19.55970000     19.47357927    
0.04016    19.31750000     19.18912322    
0.04101    18.75070000     18.90398778    
0.04185    18.40130000     18.61595533    
0.04270    17.98050000     18.32669766    
0.04355    17.62200000     18.03647640    
0.04440    17.61470000     17.74544287    
0.04525    17.43040000     17.45376829    
0.04609    17.04200000     17.16161016    
0.04694    16.59230000     16.86915183    
0.04779    16.25340000     16.57660968    
0.04864    15.81910000     16.28416385    
0.04948    15.56620000     15.99202931    
0.05033    15.50160000     15.70032924    
0.05118    15.22950000     15.40921964    
0.05203    15.01900000     15.11883460    
0.05287    14.78010000     14.82955118    
0.05372    14.46390000     14.54140386    
0.05457    13.93290000     14.25446570    
0.05542    13.71150000     13.96893289    
0.05626    13.59090000     13.68490585    
0.05711    13.37280000     13.40251972    
0.05796    13.11570000     13.12198247    
0.05881    12.78580000     12.84366340    
0.05965    12.20520000     12.56738498    
0.06050    11.94820000     12.29322874    
0.06135    11.68290000     12.02136161    
0.06220    11.63100000     11.75184749    
0.06304    11.43400000     11.48478256    
0.06389    11.06780000     11.22064798    
0.06474    10.96270000     10.95936279    
0.06559    10.70370000     10.70082837    
0.06644    10.39900000     10.44508627    
0.06728    10.17940000     10.19226982    
0.06813    9.92472000      9.94242122     
0.06898    9.63684000      9.69570790     
0.06983    9.42984000      9.45267832     
0.07067    9.52074000      9.21329220     
0.07152    9.10479000      8.97687729     
0.07237    8.73926000      8.74347872     
0.07322    8.63509000      8.51343022     
0.07406    8.35722000      8.28673108     
0.07491    8.03039000      8.06385734     
0.07576    7.89304000      7.84473210     
0.07661    7.68539000      7.62908123     
0.07745    7.43847000      7.41691504     
0.07830    7.22175000      7.20822668     
0.07915    6.90696000      7.00309017     
0.08000    6.78793000      6.80151386     
0.08084    6.52048000      6.60426279     
0.08169    6.44901000      6.41056572     
0.08254    6.27446000      6.22043388     
0.08339    5.99132000      6.03387092     
0.08424    5.74693000      5.85085433     
0.08508    5.62578000      5.67142316     
0.08593    5.45917000      5.49590631     
0.08678    5.25086000      5.32435586     
0.08763    4.99823000      5.15632935     
0.08847    4.73544000      4.99181961     
0.08932    4.67149000      4.83081349     
0.09017    4.62207000      4.67327233     
0.09102    4.59456000      4.51921349     
0.09186    4.42839000      4.36954425     
0.09271    4.18303000      4.22311489     
0.09356    4.09082000      4.08000697     
0.09441    3.97384000      3.94024577     
0.09525    3.85371000      3.80380869     
0.09610    3.64999000      3.67065117     
0.09695    3.45566000      3.54100892     
0.09780    3.40368000      3.41505560     
0.09864    3.24404000      3.29228378     
0.09949    3.16917000      3.17264824     
0.10034    3.05894000      3.05610160     
0.10119    2.93652000      2.94258995     
0.10204    2.87407000      2.83224559     
0.10288    2.72274000      2.72525540     
0.10373    2.63050000      2.62147701     
0.10458    2.53600000      2.52048079     
0.10543    2.39013000      2.42233489     
0.10627    2.28039000      2.32710891     
0.10712    2.26036000      2.23455528     
0.10797    2.20103000      2.14495646     
0.10882    2.07788000      2.05853050     
0.10966    1.94216000      1.97461948     
0.11051    1.86253000      1.89335831     
0.11136    1.80833000      1.81453987     
0.11221    1.78237000      1.73821674     
0.11305    1.71962000      1.66443612     
0.11390    1.64094000      1.59331790     
0.11475    1.56996000      1.52481167     
0.11560    1.48762000      1.45852300     
0.11645    1.38583000      1.39449900     
0.11729    1.30363000      1.33276226     
0.11814    1.25798000      1.27311642     
0.11899    1.21461000      1.21571006     
0.11983    1.15633000      1.16072213     
0.12068    1.10039000      1.10776737     
0.12153    1.06079000      1.05684881     
0.12238    1.01221000      1.00783577     
0.12323    0.99495600      0.96073835     
0.12407    0.93960500      0.91548795     
0.12492    0.87857600      0.87219335     
0.12577    0.82407700      0.83089587     
0.12662    0.76014300      0.79125000     
0.12746    0.73318400      0.75326793     
0.12831    0.69954500      0.71695460     
0.12916    0.67160000      0.68218645     
0.13001    0.63010000      0.64900101     
0.13085    0.60368800      0.61758168     
0.13170    0.56943600      0.58762199     
0.13255    0.53937300      0.55910513     
0.13340    0.51457200      0.53192311     
0.13425    0.50814400      0.50607126     
0.13509    0.47899800      0.48154343     
0.13594    0.44712500      0.45837854     
0.13679    0.46917800      0.43656685     
0.13764    0.43921400      0.41588833     
0.13848    0.41465900      0.39633761     
0.13933    0.40267800      0.37790032     
0.14018    0.39090800      0.36049818     
0.14103    0.37589900      0.34413605     
0.14187    0.34584500      0.32891307     
0.14272    0.33681400      0.31466015     
0.14357    0.31237700      0.30132412     
0.14442    0.29026500      0.28884298     
0.14526    0.27713700      0.27721569     
0.14611    0.25269200      0.26638293     
0.14696    0.25241700      0.25636805     
0.14781    0.25143500      0.24723279     
0.14865    0.23070500      0.23876705     
0.14950    0.22616900      0.23096745     
0.15035    0.25127700      0.22381781     
0.15120    0.25195100      0.21727322     
0.15204    0.25345600      0.21132446     
0.15289    0.22529900      0.20600282     
0.15374    0.22716700      0.20123026     
0.15459    0.24532000      0.19695503     
0.15543    0.22870800      0.19313940     
0.15628    0.17303600      0.18976964     
0.15713    0.15789600      0.18681676     
0.15798    0.19981200      0.18426204     
0.15882    0.20075300      0.18215919     
0.15967    0.20673500      0.18037815     
0.16052    0.19984500      0.17891316     
0.16137    0.20323300      0.17774429     
0.16222    0.22362700      0.17684574     
0.16306    0.19674400      0.17620309     
0.16391    0.17618000      0.17582552     
0.16476    0.20989100      0.17567509     
0.16561    0.21673200      0.17571704     
0.16645    0.23226200      0.17593101     
0.16730    0.22202300      0.17629942     
0.16815    0.21086100      0.17681276     
0.16900    0.20499500      0.17746894     
0.16984    0.21151400      0.17824033     
0.17069    0.21501800      0.17910286     
0.17154    0.20277700      0.18004558     
0.17239    0.19098100      0.18105336     
0.17324    0.22295600      0.18211684     
0.17408    0.21264000      0.18322536     
0.17493    0.18493100      0.18436902     
0.17578    0.18517600      0.18552824     
0.17663    0.18631200      0.18669707     
0.17747    0.19382600      0.18786630     
0.17832    0.19370400      0.18903030     
0.17917    0.17163900      0.19018681     
0.18002    0.18031600      0.19130946     
0.18086    0.18753700      0.19239937     
0.18171    0.19352800      0.19344074     
0.18256    0.21440400      0.19443925     
0.18341    0.23128700      0.19538915     
0.18425    0.18597900      0.19628643     
0.18510    0.20531000      0.19712468     
0.18595    0.20031900      0.19789525     
0.18680    0.16328100      0.19859265     
0.18764    0.18167700      0.19922655     
0.18849    0.16841000      0.19978856     
0.18934    0.16060200      0.20027046     
0.19019    0.17574400      0.20067532     
0.19104    0.17587700      0.20101457     
0.19188    0.19108800      0.20125158     
0.19273    0.18524000      0.20141555     
0.19358    0.18021900      0.20149748     
0.19442    0.20483100      0.20150129     
0.19527    0.24180500      0.20142953     
0.19612    0.22762900      0.20128233     
0.19697    0.20942700      0.20106666     
0.19782    0.22792400      0.20074897     
0.19866    0.22138000      0.20036319     
0.19951    0.19983600      0.19990340     
0.20036    0.17669200      0.19937347     
0.20121    0.19886900      0.19877658     
0.20205    0.19208300      0.19811320     
0.20290    0.18123200      0.19738089     
0.20375    0.20762200      0.19658088     
0.20460    0.23155400      0.19573162     
0.20544    0.24234800      0.19482321     
0.20629    0.18819300      0.19385474     
0.20714    0.16225900      0.19283956     
0.20799    0.18035200      0.19177087     
0.20883    0.19824300      0.19065801     
0.20968    0.21221800      0.18949851     
0.21053    0.20311900      0.18829968     
0.21138    0.18825400      0.18706719     
0.21222    0.17379900      0.18580202     
0.21307    0.17172200      0.18451298     
0.21392    0.18479300      0.18318648     
0.21477    0.18745800      0.18183596     
0.21562    0.19752700      0.18046161     
0.21646    0.20390700      0.17906660     
0.21731    0.20696700      0.17765688     
0.21816    0.20029300      0.17623503     
0.21901    0.19403700      0.17479725     
0.21985    0.18756400      0.17335072     
0.22070    0.18793100      0.17190969     
0.22155    0.18642900      0.17045970     
0.22240    0.19381600      0.16900515     
0.22324    0.16137600      0.16754720     
0.22409    0.17276700      0.16609167     
0.22494    0.18493600      0.16464797     
0.22579    0.14774200      0.16320391     
0.22663    0.15128700      0.16177373     
0.22748    0.13643800      0.16035106     
0.22833    0.12028500      0.15894082     
0.22918    0.12440100      0.15754818     
0.23003    0.12718600      0.15616411     
0.23087    0.13138600      0.15479542     
0.23172    0.14627000      0.15344533     
0.23257    0.14317200      0.15211100     
0.23342    0.13711700      0.15079735     
0.23426    0.14443500      0.14950033     
0.23511    0.17057300      0.14822075     
0.23596    0.19985700      0.14697498     
0.23681    0.17121800      0.14574310     
0.23765    0.14830500      0.14453470     
0.23850    0.14085800      0.14334498     
0.23935    0.16690100      0.14217654     
0.24020    0.17001600      0.14103317     
0.24104    0.15206000      0.13991302     
0.24189    0.14199200      0.13881846     
0.24274    0.13712000      0.13775238     
0.24359    0.14653900      0.13670485     
0.24443    0.13115000      0.13567779     
0.24528    0.12924200      0.13467083     
0.24613    0.12936900      0.13368737     
0.24698    0.13145700      0.13272730     
0.24782    0.14717400      0.13179185     
0.24867    0.14979400      0.13087656     
0.24952    0.15243600      0.12998487     
