0.010642 57.648821 0.092918
0.011250 57.171552 0.187104
0.011858 54.584202 0.343223
0.012467 54.054948 0.142972
0.013075 53.673756 0.368265
0.013683 52.349746 0.606449
0.014291 53.810494 0.886905
0.014899 50.787643 0.611087
0.015507 50.753967 0.697669
0.016115 48.684695 0.589069
0.016724 48.961840 0.653614
0.017332 46.189867 0.465290
0.017940 46.711701 0.586757
0.018548 44.357669 0.447706
0.019156 43.563577 0.425431
0.019764 42.382291 0.423446
0.020372 41.484573 0.399714
0.020980 40.170300 0.393874
0.021589 39.521572 0.355654
0.022197 38.682475 0.374691
0.022805 37.172737 0.306969
0.023413 36.900068 0.344902
0.024021 35.470905 0.296069
0.024629 34.930822 0.343575
0.025237 34.246783 0.294766
0.025845 33.209238 0.281515
0.026454 32.269843 0.267763
0.027062 31.826405 0.224146
0.027670 30.402848 0.196855
0.028278 29.828705 0.183371
0.028886 29.314387 0.187884
0.029494 28.445197 0.158370
0.030102 27.807600 0.169567
0.030710 27.237095 0.156425
0.031319 26.490596 0.160097
0.031927 25.696931 0.146985
0.032535 25.416004 0.148887
0.033143 24.598598 0.137278
0.033751 24.035301 0.136705
0.034359 23.542591 0.140921
0.034967 23.133399 0.134832
0.035575 22.308840 0.128966
0.036184 22.020551 0.123505
0.036792 21.365811 0.132589
0.037400 20.784992 0.112636
0.038008 20.393051 0.123771
0.038616 19.779376 0.104382
0.039224 19.352057 0.115892
0.039832 18.893709 0.099740
0.040440 18.426168 0.107039
0.041049 17.909385 0.084798
0.041657 17.675704 0.093961
0.042265 16.975939 0.082117
0.042873 16.801847 0.084953
0.043481 16.178835 0.085728
0.044089 15.918159 0.082980
0.044697 15.481051 0.075565
0.045305 15.118204 0.074732
0.045914 14.625343 0.081649
0.046522 14.405690 0.077295
0.047130 13.897805 0.079471
0.047738 13.574704 0.070493
0.048346 13.282895 0.086231
0.048954 12.944957 0.061798
0.049562 12.626730 0.072005
0.050170 12.263830 0.058808
0.050779 11.987370 0.066513
0.051387 11.529416 0.057059
0.051995 11.459497 0.065539
0.052603 11.027517 0.054260
0.053211 10.798892 0.057031
0.053819 10.485480 0.054641
0.054427 10.304076 0.050528
0.055035 9.956475 0.050165
0.055644 9.779927 0.046122
0.056252 9.429000 0.046109
0.056860 9.181982 0.045151
0.057468 9.014512 0.047324
0.058076 8.788574 0.041600
0.058684 8.561295 0.042159
0.059292 8.392104 0.042596
0.059900 8.210913 0.038670
0.060508 7.911133 0.040075
0.061117 7.849996 0.038509
0.061725 7.620356 0.036800
0.062333 7.523722 0.037346
0.062941 7.234757 0.039563
0.063549 7.115656 0.032618
0.064157 6.890202 0.034007
0.064765 6.770170 0.032209
0.065373 6.583554 0.032186
0.065982 6.478179 0.034088
0.066590 6.342154 0.032569
0.067198 6.200056 0.031337
0.067806 6.006950 0.030694
0.068414 5.909894 0.025079
0.069022 5.763112 0.028609
0.069630 5.626308 0.024016
0.070238 5.500740 0.030155
0.070847 5.367162 0.026796
0.071455 5.288035 0.027173
0.072063 5.177599 0.025987
0.072671 5.042182 0.025310
0.073279 4.918558 0.022463
0.073887 4.850159 0.024608
0.074495 4.674396 0.026515
0.075103 4.591910 0.021661
0.075711 4.537997 0.025705
0.076320 4.415719 0.021180
0.076928 4.348347 0.025060
0.077536 4.245394 0.019352
0.078144 4.180576 0.025147
0.078752 4.049377 0.019811
0.079360 3.982629 0.020334
0.079968 3.841393 0.022003
0.080576 3.846502 0.018703
0.081184 3.746756 0.021130
0.081793 3.644788 0.018819
0.082401 3.624801 0.022104
0.083009 3.499488 0.019669
0.083617 3.416213 0.018471
0.084225 3.363599 0.020029
0.084833 3.297939 0.019843
0.085441 3.223049 0.018456
0.086049 3.160648 0.019023
0.086658 3.078558 0.017472
0.087266 3.038000 0.018689
0.087874 2.922271 0.017520
0.088482 2.902267 0.018080
0.089090 2.811609 0.018756
0.089698 2.808609 0.018742
0.090306 2.703046 0.019640
0.090914 2.692648 0.019068
0.091522 2.629109 0.017236
0.092131 2.616204 0.016317
0.092739 2.490329 0.018084
0.093347 2.452022 0.017606
0.093955 2.400733 0.018430
0.094563 2.323728 0.018040
0.095171 2.325925 0.015827
0.095779 2.248340 0.015586
0.096387 2.184209 0.017345
0.096995 2.155919 0.018172
0.097604 2.108195 0.017628
0.098212 2.034846 0.016921
0.098820 2.040189 0.017054
0.099428 1.948106 0.016486
0.100036 1.929495 0.015573
0.100644 1.878166 0.014187
0.101252 1.808226 0.015030
0.101860 1.767190 0.015652
0.102468 1.749618 0.014484
0.103076 1.726018 0.015082
0.103685 1.681419 0.015194
0.104293 1.667988 0.014636
0.104901 1.619981 0.014559
0.105509 1.615924 0.013617
0.106117 1.529990 0.014766
0.106725 1.516612 0.013971
0.107333 1.445644 0.014404
0.107941 1.439102 0.013662
0.108549 1.417570 0.013538
0.109158 1.404322 0.013723
0.109766 1.349812 0.014024
0.110374 1.316042 0.011618
0.110982 1.268341 0.014082
0.111590 1.249324 0.014037
0.112198 1.217046 0.013855
0.112806 1.193316 0.013357
0.113414 1.164215 0.012994
0.114022 1.129343 0.013165
0.114630 1.090971 0.014002
0.115239 1.061602 0.012480
0.115847 1.045016 0.014102
0.116455 1.020695 0.012656
0.117063 0.986125 0.012334
0.117671 0.964550 0.012918
0.118279 0.962503 0.011753
0.118887 0.908457 0.014050
0.119495 0.905895 0.012010
0.120103 0.864315 0.012589
0.120711 0.852031 0.012484
0.121320 0.817262 0.013480
0.121928 0.818274 0.011601
0.122536 0.795656 0.012982
0.123144 0.781082 0.011427
0.123752 0.760838 0.013408
0.124360 0.738058 0.011802
0.124968 0.742558 0.014676
0.125576 0.698465 0.012956
0.126184 0.686875 0.012556
0.126792 0.662983 0.012874
0.127401 0.647407 0.012070
0.128009 0.640447 0.011983
0.128617 0.624852 0.011444
0.129225 0.597094 0.012226
0.129833 0.602630 0.011716
0.130441 0.566254 0.013361
0.131049 0.561809 0.012019
0.131657 0.579528 0.011995
0.132265 0.542141 0.012131
0.132873 0.557586 0.010925
0.133481 0.552586 0.010614
0.134090 0.519092 0.011910
0.134698 0.519112 0.012097
0.135306 0.479842 0.011808
0.135914 0.469935 0.011852
0.136522 0.459800 0.011656
0.137130 0.441648 0.012638
0.137738 0.455583 0.011245
0.138346 0.439935 0.011212
0.138954 0.456827 0.010993
0.139562 0.438804 0.011255
0.140170 0.429323 0.011375
0.140779 0.387671 0.010818
0.141387 0.413199 0.011542
0.141995 0.402374 0.011185
0.142603 0.382972 0.011753
0.143211 0.377684 0.011218
0.143819 0.362504 0.011448
0.144427 0.369938 0.011459
0.145035 0.367131 0.011507
0.145643 0.360970 0.010645
0.146251 0.366564 0.012127
0.146859 0.346182 0.010696
0.147467 0.338634 0.011957
0.148076 0.325067 0.010675
0.148684 0.318029 0.010562
0.149292 0.310027 0.010415
0.149900 0.309796 0.010667
0.150508 0.309714 0.010135
0.151116 0.322356 0.011074
0.151724 0.285573 0.010270
0.152332 0.315013 0.010588
0.152940 0.294643 0.010074
0.153548 0.303828 0.010859
0.154156 0.311153 0.010248
0.154764 0.278592 0.008879
0.155372 0.273810 0.010017
0.155981 0.270855 0.010585
0.156589 0.280341 0.010631
0.157197 0.264452 0.010568
0.157805 0.257455 0.010431
0.158413 0.257624 0.010319
0.159021 0.259499 0.010409
0.159629 0.255469 0.009500
0.160237 0.243769 0.009738
0.160845 0.246827 0.009672
0.161453 0.244459 0.010061
0.162061 0.260503 0.008768
0.162669 0.248941 0.013424
0.163277 0.242943 0.009971
0.163886 0.256743 0.009297
0.164494 0.234951 0.009946
0.165102 0.248014 0.009897
0.165710 0.229582 0.009874
0.166318 0.227909 0.009219
0.166926 0.215494 0.010057
0.167534 0.222629 0.009279
0.168142 0.211130 0.010819
0.168750 0.223459 0.009168
0.169358 0.221325 0.009846
0.169966 0.217157 0.010102
0.170574 0.222989 0.009754
0.171182 0.220635 0.009345
0.171790 0.206479 0.010917
0.172399 0.212708 0.009865
0.173007 0.214616 0.011500
0.173615 0.218937 0.010160
0.174223 0.216598 0.009635
0.174831 0.226582 0.009786
0.175439 0.202196 0.009850
0.176047 0.196580 0.009891
0.176655 0.189389 0.009907
0.177263 0.198241 0.009765
0.177871 0.198312 0.009280
0.178479 0.188594 0.008908
0.179087 0.184247 0.009582
0.179695 0.176383 0.009720
0.180303 0.184434 0.010093
0.180911 0.183628 0.010407
0.181519 0.189210 0.009422
0.182128 0.170764 0.009975
0.182736 0.167332 0.009274
0.183344 0.171684 0.009748
0.183952 0.157667 0.009596
0.184560 0.178479 0.010112
0.185168 0.170392 0.009324
0.185776 0.194932 0.009655
0.186384 0.173955 0.009243
0.186992 0.182077 0.009775
0.187600 0.170118 0.009722
0.188208 0.165539 0.009820
0.188816 0.161882 0.010114
0.189424 0.147602 0.009056
0.190032 0.153487 0.009142
0.190640 0.160417 0.009522
0.191248 0.156792 0.009105
0.191856 0.177093 0.009645
0.192465 0.167729 0.009410
0.193073 0.176028 0.009265
0.193681 0.162329 0.009241
0.194289 0.158694 0.009703
0.194897 0.156654 0.008558
0.195505 0.157668 0.009023
0.196113 0.161758 0.008834
0.196721 0.167022 0.009662
0.197329 0.162869 0.009757
0.197937 0.191564 0.009600
0.198545 0.166289 0.009266
0.199153 0.173356 0.009350
0.199761 0.164350 0.008652
0.200369 0.169964 0.009031
0.200977 0.160371 0.009101
0.201585 0.163936 0.009647
0.202193 0.176658 0.009555
0.202801 0.155670 0.008438
0.203409 0.155778 0.009201
0.204017 0.144935 0.009233
0.204625 0.177853 0.008886
0.205233 0.148485 0.008562
0.205842 0.160167 0.009003
0.206450 0.142783 0.009115
0.207058 0.153542 0.008864
0.207666 0.151045 0.008527
0.208274 0.140461 0.008039
0.208882 0.157157 0.008512
0.209490 0.162264 0.008447
0.210098 0.159224 0.008395
0.210706 0.162849 0.008757
0.211314 0.164854 0.009006
0.211922 0.138320 0.008849
0.212530 0.157205 0.008788
0.213138 0.153363 0.008753
0.213746 0.159687 0.008976
0.214354 0.176769 0.007977
0.214962 0.171337 0.008657
0.215570 0.174896 0.008027
0.216178 0.170893 0.009113
0.216786 0.165349 0.008578
0.217394 0.164557 0.008608
0.218002 0.172201 0.008980
0.218610 0.158283 0.009128
0.219218 0.150880 0.008265
0.219826 0.165795 0.008914
0.220434 0.164075 0.007935
0.221042 0.169059 0.008323
0.221650 0.164452 0.008658
0.222258 0.162620 0.008620
0.222866 0.159135 0.008261
0.223474 0.159812 0.008421
0.224083 0.152879 0.008927
0.224691 0.161089 0.008108
0.225299 0.148772 0.009433
0.225907 0.133206 0.008286
0.226515 0.152538 0.008246
0.227123 0.133924 0.008176
0.227731 0.155619 0.008291
0.228339 0.155384 0.008150
0.228947 0.142238 0.008749
0.229555 0.133202 0.008116
0.230163 0.128276 0.008176
0.230771 0.135147 0.008246
0.231379 0.131487 0.008294
0.231987 0.127065 0.008726
0.232595 0.113204 0.008570
0.233203 0.149943 0.008613
0.233811 0.128542 0.007885
0.234419 0.144123 0.008090
0.235027 0.140639 0.008014
0.235635 0.150547 0.008246
0.236243 0.151395 0.008114
0.236851 0.135382 0.008650
0.237459 0.145433 0.007715
0.238067 0.142385 0.008226
0.238675 0.132720 0.007328
0.239283 0.126001 0.007410
0.239891 0.113164 0.007979
0.240499 0.119748 0.007998
0.241107 0.126015 0.007905
0.241715 0.133731 0.008129
0.242323 0.103655 0.008465
0.242931 0.133376 0.008229
0.243539 0.118002 0.007939
0.244147 0.130203 0.007221
0.244755 0.120193 0.007530
0.245363 0.127151 0.007770
0.245971 0.123107 0.008174
0.246579 0.127073 0.007617
0.247187 0.132734 0.008009
0.247795 0.115882 0.007609
0.248403 0.115650 0.008031
0.249011 0.128146 0.007613
0.249619 0.119433 0.007679
0.250227 0.119113 0.007792
0.250835 0.120715 0.008536
0.251443 0.112665 0.008019
0.252051 0.120493 0.009237
0.252659 0.112526 0.008466
0.253267 0.105734 0.007663
0.253875 0.113916 0.007273
0.254483 0.117778 0.007862
0.255091 0.111799 0.008041
0.255699 0.112798 0.007471
0.256307 0.112314 0.007699
0.256915 0.111431 0.007932
0.257523 0.108888 0.007509
0.258131 0.109964 0.007952
0.258739 0.106211 0.007537
0.259347 0.117346 0.007329
0.259955 0.118415 0.007138
0.260563 0.104544 0.008271
0.261171 0.126307 0.007356
0.261779 0.112041 0.007756
0.262387 0.109951 0.007394
0.262995 0.113130 0.007411
0.263603 0.095767 0.007335
0.264211 0.113205 0.007440
0.264819 0.103322 0.007105
0.265427 0.104762 0.007156
0.266035 0.096718 0.007171
0.266643 0.096422 0.007449
0.267251 0.100878 0.007817
0.267859 0.101825 0.007444
0.268467 0.104894 0.007395
0.269075 0.107769 0.007011
0.269683 0.105949 0.006982
0.270291 0.109317 0.007015
0.270899 0.117927 0.007460
0.271507 0.110120 0.007068
0.272115 0.114301 0.007010
0.272723 0.104460 0.007250
0.273331 0.106282 0.007237
0.273939 0.108942 0.007201
0.274547 0.114573 0.007251
0.275154 0.110600 0.007311
0.275762 0.111429 0.007491
0.276370 0.112176 0.007372
0.276978 0.108099 0.007042
0.277586 0.120887 0.006794
0.278194 0.111518 0.007491
0.278802 0.107711 0.007460
0.279410 0.101018 0.007132
0.280018 0.102140 0.007291
0.280626 0.098571 0.007442
0.281234 0.096876 0.007764
0.281842 0.102711 0.007050
0.282450 0.114656 0.007486
0.283058 0.105414 0.007011
0.283666 0.104010 0.007192
0.284274 0.110847 0.006664
0.284882 0.101862 0.007205
0.285490 0.114342 0.006855
0.286098 0.093264 0.007012
0.286706 0.118134 0.007305
0.287314 0.100951 0.007043
0.287922 0.115857 0.006757
0.288530 0.103135 0.006975
0.289138 0.103313 0.006562
0.289746 0.102716 0.006739
0.290354 0.115004 0.006712
0.290962 0.108876 0.006892
0.291569 0.112711 0.007104
0.292177 0.096191 0.006958
0.292785 0.101799 0.006945
0.293393 0.095650 0.006584
0.294001 0.095357 0.007414
0.294609 0.093006 0.008814
0.295217 0.105040 0.007162
0.295825 0.093236 0.006511
0.296433 0.099168 0.006890
0.297041 0.107096 0.008668
0.297649 0.118100 0.006896
0.298257 0.106656 0.006456
0.298865 0.110732 0.006952
0.299473 0.105966 0.006651
0.300081 0.117326 0.006323
0.300689 0.105990 0.006275
0.301297 0.087564 0.006615
0.301905 0.099818 0.006142
0.302513 0.102014 0.006169
0.303120 0.109900 0.006538
0.303728 0.103770 0.006729
0.304336 0.100935 0.006510
0.304944 0.099510 0.006178
0.305552 0.110519 0.006714
0.306160 0.111481 0.006529
0.306768 0.121941 0.006347
0.307376 0.106075 0.006519
0.307984 0.116968 0.006481
0.308592 0.103379 0.006522
0.309200 0.109368 0.006144
0.309808 0.102554 0.006268
0.310416 0.110601 0.006451
0.311024 0.105295 0.006444
0.311632 0.106046 0.006267
0.312239 0.095234 0.006698
0.312847 0.104281 0.006977
0.313455 0.087156 0.007001
0.314063 0.092965 0.007388
0.314671 0.084962 0.007407
0.315279 0.089368 0.008060
0.315887 0.101580 0.007351
0.316495 0.103256 0.007965
0.317103 0.089563 0.007737
0.317711 0.095446 0.008405
0.318319 0.081331 0.008645
0.318927 0.103816 0.009394
0.319535 0.101703 0.009522
0.320142 0.075651 0.009451
0.320750 0.106828 0.009784
0.321358 0.092249 0.011588
0.321966 0.125495 0.010766
0.322574 0.111151 0.010678
0.323182 0.126866 0.012525
0.323790 0.098929 0.012064
0.324398 0.129587 0.018674
0.325006 0.140183 0.025168
